BaselineInfo:
  WebDBID: -1
  TimeStamp: 20220905184321
Version:
  Major: 10
  Minor: 1
  Build: 1005
  SpecialBuildName: ""
  ptArchitecture: x86_64_linux
Results:
  Results Complete: true
  NumTestProcesses: 5
  CPU_INTEGER_MATH: 28174.429449999996
  CPU_FLOATINGPOINT_MATH: 13773.452762479379
  CPU_PRIME: 34095680.689054787
  CPU_SORTING: 14866551.010761872
  CPU_ENCRYPTION: 7203870253.7707405
  CPU_COMPRESSION: 105910005.92813605
  CPU_SINGLETHREAD: 2268.576301755591
  CPU_PHYSICS: 681.81135405111786
  CPU_MATRIX_MULT_SSE: 8497.6348595210839
  CPU_mm: 1060.0280110797426
  CPU_sse: 3949.1989934561293
  CPU_fma: 12155.665982158976
  CPU_avx: 9388.039602948149
  CPU_avx512: 0
  m_CPU_enc_SHA: 9840511332.4715576
  m_CPU_enc_AES: 6355208332.0408554
  m_CPU_enc_ECDSA: 5415891096.7998085
  ME_ALLOC_S: 0
  ME_READ_S: 0
  ME_READ_L: 0
  ME_WRITE: 0
  ME_LARGE: 0
  ME_LATENCY: 0
  ME_THREADED: 0
  SUMM_CPU: 9605.0256944768189
  SUMM_ME: 0
SystemInformation:
  OSName: Ubuntu 20.04.3 LTS
  Kernel: 5.15.0-47-generic
  Device: ""
  Processor: AMD Ryzen 7 4800H with Radeon Graphics
  NumSockets: 1
  Manufacturer: AuthenticAMD
  NumCores: 8
  NumLogicals: 16
  CPUFrequency: 2900
  Memory: 15363
  MemModuleInfo:
    iNumMemSticks: 0
Checksum: 1785D2C5AD8C6E52D4BECD3298C26CD6E3E6B0B1