BaselineInfo:
  WebDBID: -1
  TimeStamp: 20220905181148
Version:
  Major: 10
  Minor: 1
  Build: 1005
  SpecialBuildName: ""
  ptArchitecture: x86_64_linux
Results:
  Results Complete: true
  NumTestProcesses: 1
  CPU_INTEGER_MATH: 5854.6244999999999
  CPU_FLOATINGPOINT_MATH: 3095.6220098457798
  CPU_PRIME: 17811788.11424166
  CPU_SORTING: 3453483.0392186199
  CPU_ENCRYPTION: 1555148847.7571678
  CPU_COMPRESSION: 23639596.916812371
  CPU_SINGLETHREAD: 2293.7843167587534
  CPU_PHYSICS: 240.32892105585466
  CPU_MATRIX_MULT_SSE: 2096.0836689145262
  CPU_mm: 247.353649842918
  CPU_sse: 977.42946747240535
  CPU_fma: 3073.1815272776089
  CPU_avx: 2237.6400119935633
  CPU_avx512: 0
  m_CPU_enc_SHA: 2092595169.13907
  m_CPU_enc_AES: 1352017487.1734943
  m_CPU_enc_ECDSA: 1220833886.9589388
  ME_ALLOC_S: 0
  ME_READ_S: 0
  ME_READ_L: 0
  ME_WRITE: 0
  ME_LARGE: 0
  ME_LATENCY: 0
  ME_THREADED: 0
  SUMM_CPU: 2386.0248069532208
  SUMM_ME: 0
SystemInformation:
  OSName: Ubuntu 20.04.3 LTS
  Kernel: 5.15.0-47-generic
  Device: ""
  Processor: AMD Ryzen 7 4800H with Radeon Graphics
  NumSockets: 1
  Manufacturer: AuthenticAMD
  NumCores: 8
  NumLogicals: 16
  CPUFrequency: 2900
  Memory: 15363
  MemModuleInfo:
    iNumMemSticks: 0
Checksum: 733A9C979D7C01F82FEB5A7881EF6A321B759CC1