BaselineInfo:
  WebDBID: -1
  TimeStamp: 20220905193250
Version:
  Major: 10
  Minor: 1
  Build: 1005
  SpecialBuildName: ""
  ptArchitecture: x86_64_linux
Results:
  Results Complete: true
  NumTestProcesses: 11
  CPU_INTEGER_MATH: 50532.932950000002
  CPU_FLOATINGPOINT_MATH: 24794.278615799143
  CPU_PRIME: 32329139.302313432
  CPU_SORTING: 21952065.191069793
  CPU_ENCRYPTION: 12613603579.503248
  CPU_COMPRESSION: 179671518.90256548
  CPU_SINGLETHREAD: 2262.6634674951224
  CPU_PHYSICS: 716.57723087737293
  CPU_MATRIX_MULT_SSE: 12388.311088854056
  CPU_mm: 1494.3190521815454
  CPU_sse: 5714.6248144667707
  CPU_fma: 17700.581804586232
  CPU_avx: 13749.726647509167
  CPU_avx512: 0
  m_CPU_enc_SHA: 17099629083.64632
  m_CPU_enc_AES: 11385947013.350166
  m_CPU_enc_ECDSA: 9355234641.5132446
  ME_ALLOC_S: 0
  ME_READ_S: 0
  ME_READ_L: 0
  ME_WRITE: 0
  ME_LARGE: 0
  ME_LATENCY: 0
  ME_THREADED: 0
  SUMM_CPU: 14353.455089903744
  SUMM_ME: 0
SystemInformation:
  OSName: Ubuntu 20.04.3 LTS
  Kernel: 5.15.0-47-generic
  Device: ""
  Processor: AMD Ryzen 7 4800H with Radeon Graphics
  NumSockets: 1
  Manufacturer: AuthenticAMD
  NumCores: 8
  NumLogicals: 16
  CPUFrequency: 2900
  Memory: 15363
  MemModuleInfo:
    iNumMemSticks: 0
Checksum: 3773C38BAEDA8B5F057F5FC4DF95A5E1BBFBBB45