BaselineInfo:
  WebDBID: -1
  TimeStamp: 20220905191537
Version:
  Major: 10
  Minor: 1
  Build: 1005
  SpecialBuildName: ""
  ptArchitecture: x86_64_linux
Results:
  Results Complete: true
  NumTestProcesses: 9
  CPU_INTEGER_MATH: 45942.687100000003
  CPU_FLOATINGPOINT_MATH: 22965.138295575911
  CPU_PRIME: 35042447.048709527
  CPU_SORTING: 20905557.395307489
  CPU_ENCRYPTION: 11115407128.281492
  CPU_COMPRESSION: 162408815.99172819
  CPU_SINGLETHREAD: 2263.1465923409114
  CPU_PHYSICS: 732.97554498230602
  CPU_MATRIX_MULT_SSE: 12313.61915436177
  CPU_mm: 1506.6540493072587
  CPU_sse: 5677.1227918099148
  CPU_fma: 17695.601841612446
  CPU_avx: 13568.132829662944
  CPU_avx512: 0
  m_CPU_enc_SHA: 15026752180.118912
  m_CPU_enc_AES: 9831882195.8649025
  m_CPU_enc_ECDSA: 8487587008.8606634
  ME_ALLOC_S: 0
  ME_READ_S: 0
  ME_READ_L: 0
  ME_WRITE: 0
  ME_LARGE: 0
  ME_LATENCY: 0
  ME_THREADED: 0
  SUMM_CPU: 13668.895741022579
  SUMM_ME: 0
SystemInformation:
  OSName: Ubuntu 20.04.3 LTS
  Kernel: 5.15.0-47-generic
  Device: ""
  Processor: AMD Ryzen 7 4800H with Radeon Graphics
  NumSockets: 1
  Manufacturer: AuthenticAMD
  NumCores: 8
  NumLogicals: 16
  CPUFrequency: 2900
  Memory: 15363
  MemModuleInfo:
    iNumMemSticks: 0
Checksum: AB86CE0E1A3C70A73567BE4A1BA22459641ADC5D