BaselineInfo:
  WebDBID: -1
  TimeStamp: 20220905194127
Version:
  Major: 10
  Minor: 1
  Build: 1005
  SpecialBuildName: ""
  ptArchitecture: x86_64_linux
Results:
  Results Complete: true
  NumTestProcesses: 12
  CPU_INTEGER_MATH: 53032.793249999995
  CPU_FLOATINGPOINT_MATH: 25203.190778297485
  CPU_PRIME: 31038305.89122317
  CPU_SORTING: 22530264.486620173
  CPU_ENCRYPTION: 13818368794.148256
  CPU_COMPRESSION: 185512210.40092382
  CPU_SINGLETHREAD: 2261.4285521912034
  CPU_PHYSICS: 708.79830111909087
  CPU_MATRIX_MULT_SSE: 12405.583894422405
  CPU_mm: 1493.491444490056
  CPU_sse: 5700.2744754017949
  CPU_fma: 17733.927528722063
  CPU_avx: 13782.549679143352
  CPU_avx512: 0
  m_CPU_enc_SHA: 18674020225.040184
  m_CPU_enc_AES: 12596023816.623777
  m_CPU_enc_ECDSA: 10185062340.780807
  ME_ALLOC_S: 0
  ME_READ_S: 0
  ME_READ_L: 0
  ME_WRITE: 0
  ME_LARGE: 0
  ME_LATENCY: 0
  ME_THREADED: 0
  SUMM_CPU: 14635.629770971254
  SUMM_ME: 0
SystemInformation:
  OSName: Ubuntu 20.04.3 LTS
  Kernel: 5.15.0-47-generic
  Device: ""
  Processor: AMD Ryzen 7 4800H with Radeon Graphics
  NumSockets: 1
  Manufacturer: AuthenticAMD
  NumCores: 8
  NumLogicals: 16
  CPUFrequency: 2900
  Memory: 15363
  MemModuleInfo:
    iNumMemSticks: 0
Checksum: 4D93F4F9BA18CAEE0030B6838B8670458E6B1700