BaselineInfo:
  WebDBID: -1
  TimeStamp: 20220905185113
Version:
  Major: 10
  Minor: 1
  Build: 1005
  SpecialBuildName: ""
  ptArchitecture: x86_64_linux
Results:
  Results Complete: true
  NumTestProcesses: 6
  CPU_INTEGER_MATH: 33556.254300000001
  CPU_FLOATINGPOINT_MATH: 16383.611152770742
  CPU_PRIME: 34830401.297438696
  CPU_SORTING: 17206926.349700257
  CPU_ENCRYPTION: 8411085970.0619602
  CPU_COMPRESSION: 122683739.43345004
  CPU_SINGLETHREAD: 2266.3171405293278
  CPU_PHYSICS: 698.05857167555359
  CPU_MATRIX_MULT_SSE: 9745.4642266343581
  CPU_mm: 1209.2878450879712
  CPU_sse: 4480.3951009262073
  CPU_fma: 13994.682231297673
  CPU_avx: 10761.315347679194
  CPU_avx512: 0
  m_CPU_enc_SHA: 11601163988.460884
  m_CPU_enc_AES: 7419628722.3702068
  m_CPU_enc_ECDSA: 6212465199.3547907
  ME_ALLOC_S: 0
  ME_READ_S: 0
  ME_READ_L: 0
  ME_WRITE: 0
  ME_LARGE: 0
  ME_LATENCY: 0
  ME_THREADED: 0
  SUMM_CPU: 10947.326679882561
  SUMM_ME: 0
SystemInformation:
  OSName: Ubuntu 20.04.3 LTS
  Kernel: 5.15.0-47-generic
  Device: ""
  Processor: AMD Ryzen 7 4800H with Radeon Graphics
  NumSockets: 1
  Manufacturer: AuthenticAMD
  NumCores: 8
  NumLogicals: 16
  CPUFrequency: 2900
  Memory: 15363
  MemModuleInfo:
    iNumMemSticks: 0
Checksum: 533BC7E823F7444F469C34F1086BA705FFA51309