BaselineInfo:
  WebDBID: -1
  TimeStamp: 20220905195842
Version:
  Major: 10
  Minor: 1
  Build: 1005
  SpecialBuildName: ""
  ptArchitecture: x86_64_linux
Results:
  Results Complete: true
  NumTestProcesses: 14
  CPU_INTEGER_MATH: 57311.203549999991
  CPU_FLOATINGPOINT_MATH: 26949.534164015684
  CPU_PRIME: 29089364.3232072
  CPU_SORTING: 22565933.34806231
  CPU_ENCRYPTION: 15112577478.005119
  CPU_COMPRESSION: 202198994.41992486
  CPU_SINGLETHREAD: 2259.9404964989144
  CPU_PHYSICS: 684.04910356857022
  CPU_MATRIX_MULT_SSE: 12480.779099805477
  CPU_mm: 1484.4769784307564
  CPU_sse: 5769.6287286082361
  CPU_fma: 17864.044241654065
  CPU_avx: 13808.664329154128
  CPU_avx512: 0
  m_CPU_enc_SHA: 20683800682.760468
  m_CPU_enc_AES: 13736844110.55805
  m_CPU_enc_ECDSA: 10917087640.696836
  ME_ALLOC_S: 0
  ME_READ_S: 0
  ME_READ_L: 0
  ME_WRITE: 0
  ME_LARGE: 0
  ME_LATENCY: 0
  ME_THREADED: 0
  SUMM_CPU: 15081.084781717458
  SUMM_ME: 0
SystemInformation:
  OSName: Ubuntu 20.04.3 LTS
  Kernel: 5.15.0-47-generic
  Device: ""
  Processor: AMD Ryzen 7 4800H with Radeon Graphics
  NumSockets: 1
  Manufacturer: AuthenticAMD
  NumCores: 8
  NumLogicals: 16
  CPUFrequency: 2900
  Memory: 15363
  MemModuleInfo:
    iNumMemSticks: 0
Checksum: 68F042D91D39189EB68B62920964BD4AA2BDB566