BaselineInfo:
  WebDBID: -1
  TimeStamp: 20220905201557
Version:
  Major: 10
  Minor: 1
  Build: 1005
  SpecialBuildName: ""
  ptArchitecture: x86_64_linux
Results:
  Results Complete: true
  NumTestProcesses: 16
  CPU_INTEGER_MATH: 61719.74265
  CPU_FLOATINGPOINT_MATH: 27992.725699021124
  CPU_PRIME: 27546429.533412814
  CPU_SORTING: 22398662.967061207
  CPU_ENCRYPTION: 14357651271.799927
  CPU_COMPRESSION: 217721732.97259337
  CPU_SINGLETHREAD: 2246.0855084159148
  CPU_PHYSICS: 641.78630309047196
  CPU_MATRIX_MULT_SSE: 12586.204101308236
  CPU_mm: 1483.9169477932826
  CPU_sse: 5822.4237592200361
  CPU_fma: 17882.015419113301
  CPU_avx: 14054.173125591373
  CPU_avx512: 0
  m_CPU_enc_SHA: 22393754415.05415
  m_CPU_enc_AES: 8827988318.2096024
  m_CPU_enc_ECDSA: 11851211082.136026
  ME_ALLOC_S: 0
  ME_READ_S: 0
  ME_READ_L: 0
  ME_WRITE: 0
  ME_LARGE: 0
  ME_LATENCY: 0
  ME_THREADED: 0
  SUMM_CPU: 15192.267489697608
  SUMM_ME: 0
SystemInformation:
  OSName: Ubuntu 20.04.3 LTS
  Kernel: 5.15.0-47-generic
  Device: ""
  Processor: AMD Ryzen 7 4800H with Radeon Graphics
  NumSockets: 1
  Manufacturer: AuthenticAMD
  NumCores: 8
  NumLogicals: 16
  CPUFrequency: 2900
  Memory: 15363
  MemModuleInfo:
    iNumMemSticks: 0
Checksum: 3D9455053B94D07E9C373202093D7DA49D13EB57