BaselineInfo:
  WebDBID: -1
  TimeStamp: 20220905200719
Version:
  Major: 10
  Minor: 1
  Build: 1005
  SpecialBuildName: ""
  ptArchitecture: x86_64_linux
Results:
  Results Complete: true
  NumTestProcesses: 15
  CPU_INTEGER_MATH: 59684.616399999999
  CPU_FLOATINGPOINT_MATH: 28030.102248404146
  CPU_PRIME: 28221290.958620545
  CPU_SORTING: 22184031.778940603
  CPU_ENCRYPTION: 14553954501.536074
  CPU_COMPRESSION: 207136117.19781035
  CPU_SINGLETHREAD: 2250.033502553888
  CPU_PHYSICS: 667.7085977726997
  CPU_MATRIX_MULT_SSE: 12479.071002173088
  CPU_mm: 1478.5677751311719
  CPU_sse: 5767.1385314622821
  CPU_fma: 17769.502134351173
  CPU_avx: 13900.572340705812
  CPU_avx512: 0
  m_CPU_enc_SHA: 21595184308.489925
  m_CPU_enc_AES: 10578767760.28652
  m_CPU_enc_ECDSA: 11487911435.831776
  ME_ALLOC_S: 0
  ME_READ_S: 0
  ME_READ_L: 0
  ME_WRITE: 0
  ME_LARGE: 0
  ME_LATENCY: 0
  ME_THREADED: 0
  SUMM_CPU: 15118.07363214705
  SUMM_ME: 0
SystemInformation:
  OSName: Ubuntu 20.04.3 LTS
  Kernel: 5.15.0-47-generic
  Device: ""
  Processor: AMD Ryzen 7 4800H with Radeon Graphics
  NumSockets: 1
  Manufacturer: AuthenticAMD
  NumCores: 8
  NumLogicals: 16
  CPUFrequency: 2900
  Memory: 15363
  MemModuleInfo:
    iNumMemSticks: 0
Checksum: D039ECE357B608201D88584CEDFCEB4AF5378087