BaselineInfo:
  WebDBID: -1
  TimeStamp: 20220905192413
Version:
  Major: 10
  Minor: 1
  Build: 1005
  SpecialBuildName: ""
  ptArchitecture: x86_64_linux
Results:
  Results Complete: true
  NumTestProcesses: 10
  CPU_INTEGER_MATH: 48357.975750000005
  CPU_FLOATINGPOINT_MATH: 23722.795383892317
  CPU_PRIME: 33569621.66177091
  CPU_SORTING: 21947680.932811759
  CPU_ENCRYPTION: 11876724454.031471
  CPU_COMPRESSION: 168878575.3348754
  CPU_SINGLETHREAD: 2255.8395281052253
  CPU_PHYSICS: 716.82737094134791
  CPU_MATRIX_MULT_SSE: 12323.901045448878
  CPU_mm: 1492.9310762530524
  CPU_sse: 5643.305899164844
  CPU_fma: 17681.991536244241
  CPU_avx: 13646.405700937548
  CPU_avx512: 0
  m_CPU_enc_SHA: 16040516407.705786
  m_CPU_enc_AES: 10646548113.366842
  m_CPU_enc_ECDSA: 8943108841.0217876
  ME_ALLOC_S: 0
  ME_READ_S: 0
  ME_READ_L: 0
  ME_WRITE: 0
  ME_LARGE: 0
  ME_LATENCY: 0
  ME_THREADED: 0
  SUMM_CPU: 14002.221526235686
  SUMM_ME: 0
SystemInformation:
  OSName: Ubuntu 20.04.3 LTS
  Kernel: 5.15.0-47-generic
  Device: ""
  Processor: AMD Ryzen 7 4800H with Radeon Graphics
  NumSockets: 1
  Manufacturer: AuthenticAMD
  NumCores: 8
  NumLogicals: 16
  CPUFrequency: 2900
  Memory: 15363
  MemModuleInfo:
    iNumMemSticks: 0
Checksum: AD5FB247CBADACDC97ACA7A72B057A9E6555A761