BaselineInfo:
  WebDBID: -1
  TimeStamp: 20220905190700
Version:
  Major: 10
  Minor: 1
  Build: 1005
  SpecialBuildName: ""
  ptArchitecture: x86_64_linux
Results:
  Results Complete: true
  NumTestProcesses: 8
  CPU_INTEGER_MATH: 43537.562100000003
  CPU_FLOATINGPOINT_MATH: 21186.979427404563
  CPU_PRIME: 36577222.857028045
  CPU_SORTING: 20554031.684827164
  CPU_ENCRYPTION: 10608842060.478634
  CPU_COMPRESSION: 152916109.90303898
  CPU_SINGLETHREAD: 2261.6939828125405
  CPU_PHYSICS: 725.12269759216724
  CPU_MATRIX_MULT_SSE: 12243.396487854225
  CPU_mm: 1502.6917222228856
  CPU_sse: 5637.5623456362255
  CPU_fma: 17582.265658397184
  CPU_avx: 13510.361459529271
  CPU_avx512: 0
  m_CPU_enc_SHA: 14649679321.437889
  m_CPU_enc_AES: 9376363665.515213
  m_CPU_enc_ECDSA: 7800483194.4827957
  ME_ALLOC_S: 0
  ME_READ_S: 0
  ME_READ_L: 0
  ME_WRITE: 0
  ME_LARGE: 0
  ME_LATENCY: 0
  ME_THREADED: 0
  SUMM_CPU: 13213.834169435946
  SUMM_ME: 0
SystemInformation:
  OSName: Ubuntu 20.04.3 LTS
  Kernel: 5.15.0-47-generic
  Device: ""
  Processor: AMD Ryzen 7 4800H with Radeon Graphics
  NumSockets: 1
  Manufacturer: AuthenticAMD
  NumCores: 8
  NumLogicals: 16
  CPUFrequency: 2900
  Memory: 15363
  MemModuleInfo:
    iNumMemSticks: 0
Checksum: 23C29C7E21E8EA53A416D0A040D2FE4C68918788