BaselineInfo:
  WebDBID: -1
  TimeStamp: 20220905195004
Version:
  Major: 10
  Minor: 1
  Build: 1005
  SpecialBuildName: ""
  ptArchitecture: x86_64_linux
Results:
  Results Complete: true
  NumTestProcesses: 13
  CPU_INTEGER_MATH: 55069.889749999995
  CPU_FLOATINGPOINT_MATH: 26217.608360389044
  CPU_PRIME: 29998349.960756488
  CPU_SORTING: 22147268.114430673
  CPU_ENCRYPTION: 14396373031.712057
  CPU_COMPRESSION: 191716462.50419104
  CPU_SINGLETHREAD: 2260.6836280885882
  CPU_PHYSICS: 694.27881285786088
  CPU_MATRIX_MULT_SSE: 12440.327791387535
  CPU_mm: 1491.8815694701295
  CPU_sse: 5733.9137907571176
  CPU_fma: 17756.828846401604
  CPU_avx: 13830.240737003887
  CPU_avx512: 0
  m_CPU_enc_SHA: 19544428053.084023
  m_CPU_enc_AES: 13263807959.596405
  m_CPU_enc_ECDSA: 10380883082.45574
  ME_ALLOC_S: 0
  ME_READ_S: 0
  ME_READ_L: 0
  ME_WRITE: 0
  ME_LARGE: 0
  ME_LATENCY: 0
  ME_THREADED: 0
  SUMM_CPU: 14807.939954467789
  SUMM_ME: 0
SystemInformation:
  OSName: Ubuntu 20.04.3 LTS
  Kernel: 5.15.0-47-generic
  Device: ""
  Processor: AMD Ryzen 7 4800H with Radeon Graphics
  NumSockets: 1
  Manufacturer: AuthenticAMD
  NumCores: 8
  NumLogicals: 16
  CPUFrequency: 2900
  Memory: 15363
  MemModuleInfo:
    iNumMemSticks: 0
Checksum: 092B5FFBE93B14D5E6712C73ADEFFFA4B024F699