BaselineInfo:
  WebDBID: -1
  TimeStamp: 20220905182735
Version:
  Major: 10
  Minor: 1
  Build: 1005
  SpecialBuildName: ""
  ptArchitecture: x86_64_linux
Results:
  Results Complete: true
  NumTestProcesses: 3
  CPU_INTEGER_MATH: 17203.875099999997
  CPU_FLOATINGPOINT_MATH: 8497.7135235333244
  CPU_PRIME: 37438507.368441641
  CPU_SORTING: 9746764.6620927546
  CPU_ENCRYPTION: 4526813367.235033
  CPU_COMPRESSION: 68342286.416308343
  CPU_SINGLETHREAD: 2275.2362100500077
  CPU_PHYSICS: 551.85022978161453
  CPU_MATRIX_MULT_SSE: 5640.0998458195972
  CPU_mm: 685.85919178610254
  CPU_sse: 2646.9969144638594
  CPU_fma: 8100.7072933727777
  CPU_avx: 6172.595329622156
  CPU_avx512: 0
  m_CPU_enc_SHA: 6083792545.3233862
  m_CPU_enc_AES: 3948645574.8879962
  m_CPU_enc_ECDSA: 3548001981.4937148
  ME_ALLOC_S: 0
  ME_READ_S: 0
  ME_READ_L: 0
  ME_WRITE: 0
  ME_LARGE: 0
  ME_LATENCY: 0
  ME_THREADED: 0
  SUMM_CPU: 6475.6024339649603
  SUMM_ME: 0
SystemInformation:
  OSName: Ubuntu 20.04.3 LTS
  Kernel: 5.15.0-47-generic
  Device: ""
  Processor: AMD Ryzen 7 4800H with Radeon Graphics
  NumSockets: 1
  Manufacturer: AuthenticAMD
  NumCores: 8
  NumLogicals: 16
  CPUFrequency: 2900
  Memory: 15363
  MemModuleInfo:
    iNumMemSticks: 0
Checksum: 00D3B0724161E046DF311B57E2299ECCE016FD8F