BaselineInfo:
  WebDBID: -1
  TimeStamp: 20220905185907
Version:
  Major: 10
  Minor: 1
  Build: 1005
  SpecialBuildName: ""
  ptArchitecture: x86_64_linux
Results:
  Results Complete: true
  NumTestProcesses: 7
  CPU_INTEGER_MATH: 38727.400849999998
  CPU_FLOATINGPOINT_MATH: 19032.100778841945
  CPU_PRIME: 36244172.564470023
  CPU_SORTING: 18681944.234558403
  CPU_ENCRYPTION: 9576457562.8471088
  CPU_COMPRESSION: 138108782.40885955
  CPU_SINGLETHREAD: 2253.6883434769884
  CPU_PHYSICS: 739.57741231969271
  CPU_MATRIX_MULT_SSE: 11059.027732044618
  CPU_mm: 1369.4950874035799
  CPU_sse: 5103.2514433621654
  CPU_fma: 15852.089355823799
  CPU_avx: 12221.742396947895
  CPU_avx512: 0
  m_CPU_enc_SHA: 13154518452.217575
  m_CPU_enc_AES: 8381172578.8341599
  m_CPU_enc_ECDSA: 7193681657.4895916
  ME_ALLOC_S: 0
  ME_READ_S: 0
  ME_READ_L: 0
  ME_WRITE: 0
  ME_LARGE: 0
  ME_LATENCY: 0
  ME_THREADED: 0
  SUMM_CPU: 12182.461278224058
  SUMM_ME: 0
SystemInformation:
  OSName: Ubuntu 20.04.3 LTS
  Kernel: 5.15.0-47-generic
  Device: ""
  Processor: AMD Ryzen 7 4800H with Radeon Graphics
  NumSockets: 1
  Manufacturer: AuthenticAMD
  NumCores: 8
  NumLogicals: 16
  CPUFrequency: 2900
  Memory: 15363
  MemModuleInfo:
    iNumMemSticks: 0
Checksum: 2F10058A5B32B40C729021DDC7B209EE3C0E999C