BaselineInfo:
  WebDBID: -1
  TimeStamp: 20220905183528
Version:
  Major: 10
  Minor: 1
  Build: 1005
  SpecialBuildName: ""
  ptArchitecture: x86_64_linux
Results:
  Results Complete: true
  NumTestProcesses: 4
  CPU_INTEGER_MATH: 22658.183850000001
  CPU_FLOATINGPOINT_MATH: 11126.229942673948
  CPU_PRIME: 34356906.782292977
  CPU_SORTING: 12429368.298663799
  CPU_ENCRYPTION: 5964832236.6487894
  CPU_COMPRESSION: 88568217.134067684
  CPU_SINGLETHREAD: 2265.1169943088707
  CPU_PHYSICS: 629.81295052639848
  CPU_MATRIX_MULT_SSE: 7198.0900458832111
  CPU_mm: 878.85214838277057
  CPU_sse: 3392.7212730062884
  CPU_fma: 10281.524581901691
  CPU_avx: 7920.0242827416514
  CPU_avx512: 0
  m_CPU_enc_SHA: 8027521234.2251053
  m_CPU_enc_AES: 5189478784.2353325
  m_CPU_enc_ECDSA: 4677496691.4859285
  ME_ALLOC_S: 0
  ME_READ_S: 0
  ME_READ_L: 0
  ME_WRITE: 0
  ME_LARGE: 0
  ME_LATENCY: 0
  ME_THREADED: 0
  SUMM_CPU: 8140.7205344871836
  SUMM_ME: 0
SystemInformation:
  OSName: Ubuntu 20.04.3 LTS
  Kernel: 5.15.0-47-generic
  Device: ""
  Processor: AMD Ryzen 7 4800H with Radeon Graphics
  NumSockets: 1
  Manufacturer: AuthenticAMD
  NumCores: 8
  NumLogicals: 16
  CPUFrequency: 2900
  Memory: 15363
  MemModuleInfo:
    iNumMemSticks: 0
Checksum: 4FA787AF41D1F232AEF1D97E274D7F8BFD5D5C35