BaselineInfo:
  WebDBID: -1
  TimeStamp: 20220905181942
Version:
  Major: 10
  Minor: 1
  Build: 1005
  SpecialBuildName: ""
  ptArchitecture: x86_64_linux
Results:
  Results Complete: true
  NumTestProcesses: 2
  CPU_INTEGER_MATH: 11544.489950000001
  CPU_FLOATINGPOINT_MATH: 5709.785104296694
  CPU_PRIME: 36063635.877674587
  CPU_SORTING: 6593566.1574135944
  CPU_ENCRYPTION: 3044060847.7487288
  CPU_COMPRESSION: 46496013.324605301
  CPU_SINGLETHREAD: 2275.8757883408844
  CPU_PHYSICS: 450.64764567255168
  CPU_MATRIX_MULT_SSE: 3913.485672759869
  CPU_mm: 473.13391602122351
  CPU_sse: 1844.1962767516718
  CPU_fma: 5634.4547139703027
  CPU_avx: 4261.8060275576327
  CPU_avx512: 0
  m_CPU_enc_SHA: 4093673464.4444933
  m_CPU_enc_AES: 2652394485.7434077
  m_CPU_enc_ECDSA: 2386114593.0582857
  ME_ALLOC_S: 0
  ME_READ_S: 0
  ME_READ_L: 0
  ME_WRITE: 0
  ME_LARGE: 0
  ME_LATENCY: 0
  ME_THREADED: 0
  SUMM_CPU: 4526.4593109737034
  SUMM_ME: 0
SystemInformation:
  OSName: Ubuntu 20.04.3 LTS
  Kernel: 5.15.0-47-generic
  Device: ""
  Processor: AMD Ryzen 7 4800H with Radeon Graphics
  NumSockets: 1
  Manufacturer: AuthenticAMD
  NumCores: 8
  NumLogicals: 16
  CPUFrequency: 2900
  Memory: 15363
  MemModuleInfo:
    iNumMemSticks: 0
Checksum: 14DC45818D25109CFD8853E0151FBBD00AADB808