BaselineInfo:
  WebDBID: -1
  TimeStamp: 20211202092207
Version:
  Major: 10
  Minor: 1
  Build: 1005
  SpecialBuildName: ""
  ptArchitecture: x86_64_linux
Results:
  Results Complete: true
  NumTestProcesses: 8
  CPU_INTEGER_MATH: 7307.4762000000001
  CPU_FLOATINGPOINT_MATH: 4599.1018195646211
  CPU_PRIME: 8010604.7832635678
  CPU_SORTING: 3476681.8125079102
  CPU_ENCRYPTION: 1234150779.0448017
  CPU_COMPRESSION: 36003685.871764362
  CPU_SINGLETHREAD: 1915.1032434229382
  CPU_PHYSICS: 192.23867956773199
  CPU_MATRIX_MULT_SSE: 1619.5005536073036
  CPU_mm: 140.98980583570952
  CPU_sse: 909.7805273502596
  CPU_fma: 1487.8882908074172
  CPU_avx: 2460.8328426642338
  CPU_avx512: 0
  m_CPU_enc_SHA: 417290405.24410176
  m_CPU_enc_AES: 3047926436.8427744
  m_CPU_enc_ECDSA: 237235495.04752892
  ME_ALLOC_S: 0
  ME_READ_S: 0
  ME_READ_L: 0
  ME_WRITE: 0
  ME_LARGE: 0
  ME_LATENCY: 0
  ME_THREADED: 0
  SUMM_CPU: 2530.0982943475365
  SUMM_ME: 0
SystemInformation:
  OSName: Ubuntu 20.04.3 LTS
  Kernel: 5.11.0-41-generic
  Device: ""
  Processor: Intel(R) Core(TM) i5-8250U CPU @ 1.60GHz
  NumSockets: 1
  Manufacturer: GenuineIntel
  NumCores: 4
  NumLogicals: 8
  CPUFrequency: 3400
  Memory: 7838
  MemModuleInfo:
    iNumMemSticks: 0
Checksum: 117B0309CDAB504AC02081099F70807373F31C6C