BaselineInfo:
  WebDBID: -1
  TimeStamp: 20211202083157
Version:
  Major: 10
  Minor: 1
  Build: 1005
  SpecialBuildName: ""
  ptArchitecture: x86_64_linux
Results:
  Results Complete: true
  NumTestProcesses: 8
  CPU_INTEGER_MATH: 2870.7501000000002
  CPU_FLOATINGPOINT_MATH: 1722.4578182205391
  CPU_PRIME: 3560022.8471752098
  CPU_SORTING: 1425026.3507782193
  CPU_ENCRYPTION: 458134083.08908415
  CPU_COMPRESSION: 13247895.666614072
  CPU_SINGLETHREAD: 1924.4064460881423
  CPU_PHYSICS: 79.257408029653746
  CPU_MATRIX_MULT_SSE: 596.12689363798881
  CPU_mm: 47.812861118904493
  CPU_sse: 392.99614619838235
  CPU_fma: 536.35349935097861
  CPU_avx: 859.0310353646056
  CPU_avx512: 0
  m_CPU_enc_SHA: 144202529.91388741
  m_CPU_enc_AES: 1106840168.8275092
  m_CPU_enc_ECDSA: 123359550.52585587
  ME_ALLOC_S: 0
  ME_READ_S: 0
  ME_READ_L: 0
  ME_WRITE: 0
  ME_LARGE: 0
  ME_LATENCY: 0
  ME_THREADED: 0
  SUMM_CPU: 985.95985895193337
  SUMM_ME: 0
SystemInformation:
  OSName: Ubuntu 20.04.3 LTS
  Kernel: 5.11.0-41-generic
  Device: ""
  Processor: Intel(R) Core(TM) i5-8250U CPU @ 1.60GHz
  NumSockets: 1
  Manufacturer: GenuineIntel
  NumCores: 4
  NumLogicals: 8
  CPUFrequency: 3400
  Memory: 7838
  MemModuleInfo:
    iNumMemSticks: 0
Checksum: 87DC1A785DC0A253B83E2AB6A2AFE57CD023E51A