BaselineInfo:
  WebDBID: -1
  TimeStamp: 20211202080549
Version:
  Major: 10
  Minor: 1
  Build: 1005
  SpecialBuildName: ""
  ptArchitecture: x86_64_linux
Results:
  Results Complete: true
  NumTestProcesses: 8
  CPU_INTEGER_MATH: 1165.6673499999997
  CPU_FLOATINGPOINT_MATH: 752.28817938891086
  CPU_PRIME: 1520535.1543725668
  CPU_SORTING: 591001.93468833831
  CPU_ENCRYPTION: 151810493.39989644
  CPU_COMPRESSION: 5146213.3305034433
  CPU_SINGLETHREAD: 1488.406568187205
  CPU_PHYSICS: 33.098248529001246
  CPU_MATRIX_MULT_SSE: 252.41747631552357
  CPU_mm: 26.399177791584805
  CPU_sse: 154.42651702229449
  CPU_fma: 280.30214471116591
  CPU_avx: 322.52376721311026
  CPU_avx512: 0
  m_CPU_enc_SHA: 61218125.688715488
  m_CPU_enc_AES: 344781502.60410917
  m_CPU_enc_ECDSA: 49431851.906864651
  ME_ALLOC_S: 0
  ME_READ_S: 0
  ME_READ_L: 0
  ME_WRITE: 0
  ME_LARGE: 0
  ME_LATENCY: 0
  ME_THREADED: 0
  SUMM_CPU: 392.70324895526221
  SUMM_ME: 0
SystemInformation:
  OSName: Ubuntu 20.04.3 LTS
  Kernel: 5.11.0-41-generic
  Device: ""
  Processor: Intel(R) Core(TM) i5-8250U CPU @ 1.60GHz
  NumSockets: 1
  Manufacturer: GenuineIntel
  NumCores: 4
  NumLogicals: 8
  CPUFrequency: 3400
  Memory: 7838
  MemModuleInfo:
    iNumMemSticks: 0
Checksum: 75DB4E278FC71C206D150F9A1D6EA0DC70F79935