BaselineInfo:
  WebDBID: -1
  TimeStamp: 20211202101921
Version:
  Major: 10
  Minor: 1
  Build: 1005
  SpecialBuildName: ""
  ptArchitecture: x86_64_linux
Results:
  Results Complete: true
  NumTestProcesses: 8
  CPU_INTEGER_MATH: 20880.407749999998
  CPU_FLOATINGPOINT_MATH: 12072.616316500775
  CPU_PRIME: 17523409.084727995
  CPU_SORTING: 8504986.6980481688
  CPU_ENCRYPTION: 2416526164.9594984
  CPU_COMPRESSION: 72711961.173438042
  CPU_SINGLETHREAD: 1910.7848902327084
  CPU_PHYSICS: 418.47453289424664
  CPU_MATRIX_MULT_SSE: 3077.667422873461
  CPU_mm: 511.63313289023068
  CPU_sse: 1867.6637743619731
  CPU_fma: 3496.0405239858296
  CPU_avx: 3869.2979702725816
  CPU_avx512: 0
  m_CPU_enc_SHA: 775635222.77107859
  m_CPU_enc_AES: 5776766480.3691683
  m_CPU_enc_ECDSA: 697176791.73824978
  ME_ALLOC_S: 0
  ME_READ_S: 0
  ME_READ_L: 0
  ME_WRITE: 0
  ME_LARGE: 0
  ME_LATENCY: 0
  ME_THREADED: 0
  SUMM_CPU: 5528.9256605313485
  SUMM_ME: 0
SystemInformation:
  OSName: Ubuntu 20.04.3 LTS
  Kernel: 5.11.0-41-generic
  Device: ""
  Processor: Intel(R) Core(TM) i5-8250U CPU @ 1.60GHz
  NumSockets: 1
  Manufacturer: GenuineIntel
  NumCores: 4
  NumLogicals: 8
  CPUFrequency: 3400
  Memory: 7838
  MemModuleInfo:
    iNumMemSticks: 0
Checksum: 170D12994D160B343982C0114C10703C31BE8864