BaselineInfo:
  WebDBID: -1
  TimeStamp: 20211202095454
Version:
  Major: 10
  Minor: 1
  Build: 1005
  SpecialBuildName: ""
  ptArchitecture: x86_64_linux
Results:
  Results Complete: true
  NumTestProcesses: 8
  CPU_INTEGER_MATH: 17639.023450000001
  CPU_FLOATINGPOINT_MATH: 10499.146293420603
  CPU_PRIME: 14248597.675261486
  CPU_SORTING: 7465385.8296917863
  CPU_ENCRYPTION: 2069497014.8125911
  CPU_COMPRESSION: 63854503.131595567
  CPU_SINGLETHREAD: 1926.0655757438074
  CPU_PHYSICS: 349.206714369022
  CPU_MATRIX_MULT_SSE: 2724.3430540633908
  CPU_mm: 467.41379034381373
  CPU_sse: 1618.1265391779816
  CPU_fma: 3074.9718916913821
  CPU_avx: 3479.9307313208083
  CPU_avx512: 0
  m_CPU_enc_SHA: 669629303.6406002
  m_CPU_enc_AES: 4928209202.1894302
  m_CPU_enc_ECDSA: 610652538.60774338
  ME_ALLOC_S: 0
  ME_READ_S: 0
  ME_READ_L: 0
  ME_WRITE: 0
  ME_LARGE: 0
  ME_LATENCY: 0
  ME_THREADED: 0
  SUMM_CPU: 4795.1407985009964
  SUMM_ME: 0
SystemInformation:
  OSName: Ubuntu 20.04.3 LTS
  Kernel: 5.11.0-41-generic
  Device: ""
  Processor: Intel(R) Core(TM) i5-8250U CPU @ 1.60GHz
  NumSockets: 1
  Manufacturer: GenuineIntel
  NumCores: 4
  NumLogicals: 8
  CPUFrequency: 3400
  Memory: 7838
  MemModuleInfo:
    iNumMemSticks: 0
Checksum: 288E7DF04926741B99F8384DFEACFA1DC13EF05A