BaselineInfo:
  WebDBID: -1
  TimeStamp: 20211202075651
Version:
  Major: 10
  Minor: 1
  Build: 1005
  SpecialBuildName: ""
  ptArchitecture: x86_64_linux
Results:
  Results Complete: true
  NumTestProcesses: 8
  CPU_INTEGER_MATH: 626.31585000000007
  CPU_FLOATINGPOINT_MATH: 422.01985017257971
  CPU_PRIME: 1052288.4383655679
  CPU_SORTING: 286595.56927224563
  CPU_ENCRYPTION: 63283592.161385402
  CPU_COMPRESSION: 2887321.1316944463
  CPU_SINGLETHREAD: 465.77791935535163
  CPU_PHYSICS: 22.816630600060211
  CPU_MATRIX_MULT_SSE: 148.75924022970926
  CPU_mm: 27.267536210678077
  CPU_sse: 79.252795951998337
  CPU_fma: 179.73510740283805
  CPU_avx: 187.28981733429143
  CPU_avx512: 0
  m_CPU_enc_SHA: 33562466.052826278
  m_CPU_enc_AES: 123729028.26608697
  m_CPU_enc_ECDSA: 32559282.165242955
  ME_ALLOC_S: 0
  ME_READ_S: 0
  ME_READ_L: 0
  ME_WRITE: 0
  ME_LARGE: 0
  ME_LATENCY: 0
  ME_THREADED: 0
  SUMM_CPU: 205.24227776065712
  SUMM_ME: 0
SystemInformation:
  OSName: Ubuntu 20.04.3 LTS
  Kernel: 5.11.0-41-generic
  Device: ""
  Processor: Intel(R) Core(TM) i5-8250U CPU @ 1.60GHz
  NumSockets: 1
  Manufacturer: GenuineIntel
  NumCores: 4
  NumLogicals: 8
  CPUFrequency: 3400
  Memory: 7838
  MemModuleInfo:
    iNumMemSticks: 0
Checksum: 46ADD820CFE9DEF847EE1102D25953BD9E2C3179