BaselineInfo:
  WebDBID: -1
  TimeStamp: 20211202093833
Version:
  Major: 10
  Minor: 1
  Build: 1005
  SpecialBuildName: ""
  ptArchitecture: x86_64_linux
Results:
  Results Complete: true
  NumTestProcesses: 8
  CPU_INTEGER_MATH: 10114.972399999999
  CPU_FLOATINGPOINT_MATH: 6298.43766597793
  CPU_PRIME: 11085598.300043989
  CPU_SORTING: 5260196.6605143594
  CPU_ENCRYPTION: 1821178366.718411
  CPU_COMPRESSION: 50331896.651482709
  CPU_SINGLETHREAD: 1911.073542363506
  CPU_PHYSICS: 275.44109924408144
  CPU_MATRIX_MULT_SSE: 2133.8119512102494
  CPU_mm: 489.80197007378831
  CPU_sse: 1240.1120708240373
  CPU_fma: 2609.6657198273087
  CPU_avx: 2551.6580629794016
  CPU_avx512: 0
  m_CPU_enc_SHA: 492404745.56514543
  m_CPU_enc_AES: 4519640913.4730053
  m_CPU_enc_ECDSA: 451489441.1170814
  ME_ALLOC_S: 0
  ME_READ_S: 0
  ME_READ_L: 0
  ME_WRITE: 0
  ME_LARGE: 0
  ME_LATENCY: 0
  ME_THREADED: 0
  SUMM_CPU: 3531.8455968904705
  SUMM_ME: 0
SystemInformation:
  OSName: Ubuntu 20.04.3 LTS
  Kernel: 5.11.0-41-generic
  Device: ""
  Processor: Intel(R) Core(TM) i5-8250U CPU @ 1.60GHz
  NumSockets: 1
  Manufacturer: GenuineIntel
  NumCores: 4
  NumLogicals: 8
  CPUFrequency: 3400
  Memory: 7838
  MemModuleInfo:
    iNumMemSticks: 0
Checksum: A23DD847026B0E36B93C38AD54058C5F46781BF3