BaselineInfo:
  WebDBID: -1
  TimeStamp: 20211202085720
Version:
  Major: 10
  Minor: 1
  Build: 1005
  SpecialBuildName: ""
  ptArchitecture: x86_64_linux
Results:
  Results Complete: true
  NumTestProcesses: 8
  CPU_INTEGER_MATH: 3609.0613499999999
  CPU_FLOATINGPOINT_MATH: 2652.8669726741582
  CPU_PRIME: 5245415.5394443385
  CPU_SORTING: 1853172.2091400167
  CPU_ENCRYPTION: 601372509.93238425
  CPU_COMPRESSION: 19833166.561313279
  CPU_SINGLETHREAD: 1912.2528312637626
  CPU_PHYSICS: 127.04336391601724
  CPU_MATRIX_MULT_SSE: 821.45363788370742
  CPU_mm: 92.793964082951391
  CPU_sse: 416.7374636008509
  CPU_fma: 850.02808742565583
  CPU_avx: 1197.5953626246155
  CPU_avx512: 0
  m_CPU_enc_SHA: 237053547.24059081
  m_CPU_enc_AES: 1439452482.999274
  m_CPU_enc_ECDSA: 127611499.55728774
  ME_ALLOC_S: 0
  ME_READ_S: 0
  ME_READ_L: 0
  ME_WRITE: 0
  ME_LARGE: 0
  ME_LATENCY: 0
  ME_THREADED: 0
  SUMM_CPU: 1364.0529094264384
  SUMM_ME: 0
SystemInformation:
  OSName: Ubuntu 20.04.3 LTS
  Kernel: 5.11.0-41-generic
  Device: ""
  Processor: Intel(R) Core(TM) i5-8250U CPU @ 1.60GHz
  NumSockets: 1
  Manufacturer: GenuineIntel
  NumCores: 4
  NumLogicals: 8
  CPUFrequency: 3400
  Memory: 7838
  MemModuleInfo:
    iNumMemSticks: 0
Checksum: 9314ECB201CF62F6D68C8938B9AAC25FB0D7ECCD