BaselineInfo:
  WebDBID: -1
  TimeStamp: 20211202084854
Version:
  Major: 10
  Minor: 1
  Build: 1005
  SpecialBuildName: ""
  ptArchitecture: x86_64_linux
Results:
  Results Complete: true
  NumTestProcesses: 8
  CPU_INTEGER_MATH: 2846.25155
  CPU_FLOATINGPOINT_MATH: 2267.4153467561409
  CPU_PRIME: 4435915.0820136014
  CPU_SORTING: 1539061.2480925145
  CPU_ENCRYPTION: 466053371.0219267
  CPU_COMPRESSION: 15900739.057925606
  CPU_SINGLETHREAD: 1912.2773454513231
  CPU_PHYSICS: 112.85368125217926
  CPU_MATRIX_MULT_SSE: 792.86867212396169
  CPU_mm: 172.0129006805663
  CPU_sse: 347.10051363141969
  CPU_fma: 1136.0905192600108
  CPU_avx: 895.41498348045468
  CPU_avx512: 0
  m_CPU_enc_SHA: 220526804.17596707
  m_CPU_enc_AES: 1042604674.9612501
  m_CPU_enc_ECDSA: 135028633.92856282
  ME_ALLOC_S: 0
  ME_READ_S: 0
  ME_READ_L: 0
  ME_WRITE: 0
  ME_LARGE: 0
  ME_LATENCY: 0
  ME_THREADED: 0
  SUMM_CPU: 1135.7166226714824
  SUMM_ME: 0
SystemInformation:
  OSName: Ubuntu 20.04.3 LTS
  Kernel: 5.11.0-41-generic
  Device: ""
  Processor: Intel(R) Core(TM) i5-8250U CPU @ 1.60GHz
  NumSockets: 1
  Manufacturer: GenuineIntel
  NumCores: 4
  NumLogicals: 8
  CPUFrequency: 3400
  Memory: 7838
  MemModuleInfo:
    iNumMemSticks: 0
Checksum: 79B8E05769F0D55E4AB759423189AEF55552A0AB