BaselineInfo:
  WebDBID: -1
  TimeStamp: 20211202101112
Version:
  Major: 10
  Minor: 1
  Build: 1005
  SpecialBuildName: ""
  ptArchitecture: x86_64_linux
Results:
  Results Complete: true
  NumTestProcesses: 8
  CPU_INTEGER_MATH: 19426.686300000001
  CPU_FLOATINGPOINT_MATH: 11262.480902148071
  CPU_PRIME: 16624971.275791066
  CPU_SORTING: 8185764.5990412217
  CPU_ENCRYPTION: 2325902474.1177769
  CPU_COMPRESSION: 69434746.259646043
  CPU_SINGLETHREAD: 1916.7560622534565
  CPU_PHYSICS: 399.22721394654093
  CPU_MATRIX_MULT_SSE: 2925.4932428739448
  CPU_mm: 482.91232014682413
  CPU_sse: 1742.196809361928
  CPU_fma: 3334.7772825476486
  CPU_avx: 3699.5056367122606
  CPU_avx512: 0
  m_CPU_enc_SHA: 748791935.33777344
  m_CPU_enc_AES: 5562801345.2614994
  m_CPU_enc_ECDSA: 666114141.75405717
  ME_ALLOC_S: 0
  ME_READ_S: 0
  ME_READ_L: 0
  ME_WRITE: 0
  ME_LARGE: 0
  ME_LATENCY: 0
  ME_THREADED: 0
  SUMM_CPU: 5264.6574646069648
  SUMM_ME: 0
SystemInformation:
  OSName: Ubuntu 20.04.3 LTS
  Kernel: 5.11.0-41-generic
  Device: ""
  Processor: Intel(R) Core(TM) i5-8250U CPU @ 1.60GHz
  NumSockets: 1
  Manufacturer: GenuineIntel
  NumCores: 4
  NumLogicals: 8
  CPUFrequency: 3400
  Memory: 7838
  MemModuleInfo:
    iNumMemSticks: 0
Checksum: 26B86D2715F2511867EAF389AC5DB3A9E0B3AD33