BaselineInfo:
  WebDBID: -1
  TimeStamp: 20211202094644
Version:
  Major: 10
  Minor: 1
  Build: 1005
  SpecialBuildName: ""
  ptArchitecture: x86_64_linux
Results:
  Results Complete: true
  NumTestProcesses: 8
  CPU_INTEGER_MATH: 13271.72825
  CPU_FLOATINGPOINT_MATH: 8199.6060643069613
  CPU_PRIME: 12208965.736954316
  CPU_SORTING: 5970206.046536631
  CPU_ENCRYPTION: 1772652112.3197267
  CPU_COMPRESSION: 53886878.850025445
  CPU_SINGLETHREAD: 1910.4243953670978
  CPU_PHYSICS: 324.08472943130346
  CPU_MATRIX_MULT_SSE: 2306.1918855419381
  CPU_mm: 412.51331445832329
  CPU_sse: 1484.4740271274384
  CPU_fma: 2463.3715802466613
  CPU_avx: 2970.7300492517147
  CPU_avx512: 0
  m_CPU_enc_SHA: 532798618.34620965
  m_CPU_enc_AES: 4215437346.8110876
  m_CPU_enc_ECDSA: 569720371.80188239
  ME_ALLOC_S: 0
  ME_READ_S: 0
  ME_READ_L: 0
  ME_WRITE: 0
  ME_LARGE: 0
  ME_LATENCY: 0
  ME_THREADED: 0
  SUMM_CPU: 3983.0324132073729
  SUMM_ME: 0
SystemInformation:
  OSName: Ubuntu 20.04.3 LTS
  Kernel: 5.11.0-41-generic
  Device: ""
  Processor: Intel(R) Core(TM) i5-8250U CPU @ 1.60GHz
  NumSockets: 1
  Manufacturer: GenuineIntel
  NumCores: 4
  NumLogicals: 8
  CPUFrequency: 3400
  Memory: 7838
  MemModuleInfo:
    iNumMemSticks: 0
Checksum: BE04EB20CDC14F9E0603B5248DE6545084A69C3C