BaselineInfo:
  WebDBID: -1
  TimeStamp: 20211202102730
Version:
  Major: 10
  Minor: 1
  Build: 1005
  SpecialBuildName: ""
  ptArchitecture: x86_64_linux
Results:
  Results Complete: true
  NumTestProcesses: 8
  CPU_INTEGER_MATH: 21914.316849999999
  CPU_FLOATINGPOINT_MATH: 12556.353705286414
  CPU_PRIME: 18047905.114308476
  CPU_SORTING: 8785502.1973005552
  CPU_ENCRYPTION: 2535528980.4579287
  CPU_COMPRESSION: 75110146.533245474
  CPU_SINGLETHREAD: 1916.4030524895147
  CPU_PHYSICS: 446.05219149583809
  CPU_MATRIX_MULT_SSE: 3162.9232020789641
  CPU_mm: 513.00150962638827
  CPU_sse: 1930.7425068681066
  CPU_fma: 3611.4213847615683
  CPU_avx: 3946.6057146072185
  CPU_avx512: 0
  m_CPU_enc_SHA: 806349876.74136388
  m_CPU_enc_AES: 6087699015.0565462
  m_CPU_enc_ECDSA: 712538049.57587659
  ME_ALLOC_S: 0
  ME_READ_S: 0
  ME_READ_L: 0
  ME_WRITE: 0
  ME_LARGE: 0
  ME_LATENCY: 0
  ME_THREADED: 0
  SUMM_CPU: 5739.0420234482499
  SUMM_ME: 0
SystemInformation:
  OSName: Ubuntu 20.04.3 LTS
  Kernel: 5.11.0-41-generic
  Device: ""
  Processor: Intel(R) Core(TM) i5-8250U CPU @ 1.60GHz
  NumSockets: 1
  Manufacturer: GenuineIntel
  NumCores: 4
  NumLogicals: 8
  CPUFrequency: 3400
  Memory: 7838
  MemModuleInfo:
    iNumMemSticks: 0
Checksum: 1DCB3D9F37B42D1BDFDE83F797D69630BDA03666