BaselineInfo:
  WebDBID: -1
  TimeStamp: 20211202082325
Version:
  Major: 10
  Minor: 1
  Build: 1005
  SpecialBuildName: ""
  ptArchitecture: x86_64_linux
Results:
  Results Complete: true
  NumTestProcesses: 8
  CPU_INTEGER_MATH: 2193.0728500000005
  CPU_FLOATINGPOINT_MATH: 1386.9556419234452
  CPU_PRIME: 2833407.6117800325
  CPU_SORTING: 1096673.1885699546
  CPU_ENCRYPTION: 338554325.81692255
  CPU_COMPRESSION: 11128258.640475221
  CPU_SINGLETHREAD: 1921.9438577060164
  CPU_PHYSICS: 68.065412706743459
  CPU_MATRIX_MULT_SSE: 515.57583069641601
  CPU_mm: 91.837788328458245
  CPU_sse: 253.86794666574178
  CPU_fma: 610.26263801899734
  CPU_avx: 682.59690740450924
  CPU_avx512: 0
  m_CPU_enc_SHA: 114653069.17276874
  m_CPU_enc_AES: 792052679.21684015
  m_CPU_enc_ECDSA: 108957229.06115896
  ME_ALLOC_S: 0
  ME_READ_S: 0
  ME_READ_L: 0
  ME_WRITE: 0
  ME_LARGE: 0
  ME_LATENCY: 0
  ME_THREADED: 0
  SUMM_CPU: 786.31678953296284
  SUMM_ME: 0
SystemInformation:
  OSName: Ubuntu 20.04.3 LTS
  Kernel: 5.11.0-41-generic
  Device: ""
  Processor: Intel(R) Core(TM) i5-8250U CPU @ 1.60GHz
  NumSockets: 1
  Manufacturer: GenuineIntel
  NumCores: 4
  NumLogicals: 8
  CPUFrequency: 3400
  Memory: 7838
  MemModuleInfo:
    iNumMemSticks: 0
Checksum: D2370DA6D428C488854960C24E37297B0EDF2800