BaselineInfo:
  WebDBID: -1
  TimeStamp: 20211202091355
Version:
  Major: 10
  Minor: 1
  Build: 1005
  SpecialBuildName: ""
  ptArchitecture: x86_64_linux
Results:
  Results Complete: true
  NumTestProcesses: 8
  CPU_INTEGER_MATH: 6130.6831499999989
  CPU_FLOATINGPOINT_MATH: 3585.6107657613511
  CPU_PRIME: 6496049.5196656892
  CPU_SORTING: 2755313.0851060078
  CPU_ENCRYPTION: 977292662.28728557
  CPU_COMPRESSION: 27377036.071685039
  CPU_SINGLETHREAD: 1919.3431250464323
  CPU_PHYSICS: 173.21343748410303
  CPU_MATRIX_MULT_SSE: 1420.5770005242857
  CPU_mm: 124.85191346573683
  CPU_sse: 712.21219497748473
  CPU_fma: 1542.8140473676037
  CPU_avx: 2006.7047592277684
  CPU_avx512: 0
  m_CPU_enc_SHA: 233983362.87476119
  m_CPU_enc_AES: 2449642694.4602265
  m_CPU_enc_ECDSA: 248251929.52686918
  ME_ALLOC_S: 0
  ME_READ_S: 0
  ME_READ_L: 0
  ME_WRITE: 0
  ME_LARGE: 0
  ME_LATENCY: 0
  ME_THREADED: 0
  SUMM_CPU: 2057.0164058884311
  SUMM_ME: 0
SystemInformation:
  OSName: Ubuntu 20.04.3 LTS
  Kernel: 5.11.0-41-generic
  Device: ""
  Processor: Intel(R) Core(TM) i5-8250U CPU @ 1.60GHz
  NumSockets: 1
  Manufacturer: GenuineIntel
  NumCores: 4
  NumLogicals: 8
  CPUFrequency: 3400
  Memory: 7838
  MemModuleInfo:
    iNumMemSticks: 0
Checksum: 7772F2856665ED579BBC2C9A7CC86BF06AC25772