BaselineInfo:
  WebDBID: -1
  TimeStamp: 20211202100303
Version:
  Major: 10
  Minor: 1
  Build: 1005
  SpecialBuildName: ""
  ptArchitecture: x86_64_linux
Results:
  Results Complete: true
  NumTestProcesses: 8
  CPU_INTEGER_MATH: 18951.898650000003
  CPU_FLOATINGPOINT_MATH: 10802.744613322888
  CPU_PRIME: 15766643.982397012
  CPU_SORTING: 7803399.6599430479
  CPU_ENCRYPTION: 2207157000.8659286
  CPU_COMPRESSION: 66849083.184739791
  CPU_SINGLETHREAD: 1907.014132366613
  CPU_PHYSICS: 375.88880261067652
  CPU_MATRIX_MULT_SSE: 2844.4366116458104
  CPU_mm: 501.67890187474842
  CPU_sse: 1697.74949030384
  CPU_fma: 3243.0689819900695
  CPU_avx: 3592.4913626435227
  CPU_avx512: 0
  m_CPU_enc_SHA: 709075406.41480672
  m_CPU_enc_AES: 5288336524.6590281
  m_CPU_enc_ECDSA: 624059071.52395177
  ME_ALLOC_S: 0
  ME_READ_S: 0
  ME_READ_L: 0
  ME_WRITE: 0
  ME_LARGE: 0
  ME_LATENCY: 0
  ME_THREADED: 0
  SUMM_CPU: 5058.4459420822604
  SUMM_ME: 0
SystemInformation:
  OSName: Ubuntu 20.04.3 LTS
  Kernel: 5.11.0-41-generic
  Device: ""
  Processor: Intel(R) Core(TM) i5-8250U CPU @ 1.60GHz
  NumSockets: 1
  Manufacturer: GenuineIntel
  NumCores: 4
  NumLogicals: 8
  CPUFrequency: 3400
  Memory: 7838
  MemModuleInfo:
    iNumMemSticks: 0
Checksum: FF0F035E037A03F4D3009A79EEABE930F0DE622D