BaselineInfo:
  WebDBID: -1
  TimeStamp: 20211202081441
Version:
  Major: 10
  Minor: 1
  Build: 1005
  SpecialBuildName: ""
  ptArchitecture: x86_64_linux
Results:
  Results Complete: true
  NumTestProcesses: 8
  CPU_INTEGER_MATH: 1601.2452499999999
  CPU_FLOATINGPOINT_MATH: 1055.9439464500824
  CPU_PRIME: 2225558.8936906122
  CPU_SORTING: 888200.68732014834
  CPU_ENCRYPTION: 223709633.42648768
  CPU_COMPRESSION: 7528264.2292519603
  CPU_SINGLETHREAD: 1921.0052087424424
  CPU_PHYSICS: 50.19604759787579
  CPU_MATRIX_MULT_SSE: 373.38353388258179
  CPU_mm: 30.666991712541282
  CPU_sse: 203.40803769769346
  CPU_fma: 401.11158351311849
  CPU_avx: 515.63098043693344
  CPU_avx512: 0
  m_CPU_enc_SHA: 88946694.631697774
  m_CPU_enc_AES: 515929335.05985296
  m_CPU_enc_ECDSA: 66252870.587912314
  ME_ALLOC_S: 0
  ME_READ_S: 0
  ME_READ_L: 0
  ME_WRITE: 0
  ME_LARGE: 0
  ME_LATENCY: 0
  ME_THREADED: 0
  SUMM_CPU: 569.83885155303153
  SUMM_ME: 0
SystemInformation:
  OSName: Ubuntu 20.04.3 LTS
  Kernel: 5.11.0-41-generic
  Device: ""
  Processor: Intel(R) Core(TM) i5-8250U CPU @ 1.60GHz
  NumSockets: 1
  Manufacturer: GenuineIntel
  NumCores: 4
  NumLogicals: 8
  CPUFrequency: 3400
  Memory: 7838
  MemModuleInfo:
    iNumMemSticks: 0
Checksum: EEB3C6A072D59CFDB5F294C09E81655154381883