BaselineInfo:
  WebDBID: -1
  TimeStamp: 20211202093021
Version:
  Major: 10
  Minor: 1
  Build: 1005
  SpecialBuildName: ""
  ptArchitecture: x86_64_linux
Results:
  Results Complete: true
  NumTestProcesses: 8
  CPU_INTEGER_MATH: 8880.1333000000013
  CPU_FLOATINGPOINT_MATH: 5683.2913085561913
  CPU_PRIME: 8874214.9275593217
  CPU_SORTING: 4188630.138714741
  CPU_ENCRYPTION: 1482220444.859014
  CPU_COMPRESSION: 43420305.217473134
  CPU_SINGLETHREAD: 1923.325632481703
  CPU_PHYSICS: 215.52962919173592
  CPU_MATRIX_MULT_SSE: 1896.2433325529314
  CPU_mm: 304.95191221539676
  CPU_sse: 1242.1561942460323
  CPU_fma: 2206.1715612968137
  CPU_avx: 2240.402242115948
  CPU_avx512: 0
  m_CPU_enc_SHA: 437726082.51301956
  m_CPU_enc_AES: 3669431492.9578466
  m_CPU_enc_ECDSA: 339503759.10617632
  ME_ALLOC_S: 0
  ME_READ_S: 0
  ME_READ_L: 0
  ME_WRITE: 0
  ME_LARGE: 0
  ME_LATENCY: 0
  ME_THREADED: 0
  SUMM_CPU: 3008.3666759893972
  SUMM_ME: 0
SystemInformation:
  OSName: Ubuntu 20.04.3 LTS
  Kernel: 5.11.0-41-generic
  Device: ""
  Processor: Intel(R) Core(TM) i5-8250U CPU @ 1.60GHz
  NumSockets: 1
  Manufacturer: GenuineIntel
  NumCores: 4
  NumLogicals: 8
  CPUFrequency: 3400
  Memory: 7838
  MemModuleInfo:
    iNumMemSticks: 0
Checksum: 4B358312B8E0A6FE624383F4CD37B6AB2DA415D0