BaselineInfo:
  WebDBID: -1
  TimeStamp: 20211202090540
Version:
  Major: 10
  Minor: 1
  Build: 1005
  SpecialBuildName: ""
  ptArchitecture: x86_64_linux
Results:
  Results Complete: true
  NumTestProcesses: 8
  CPU_INTEGER_MATH: 4848.1249500000004
  CPU_FLOATINGPOINT_MATH: 3072.3468466799382
  CPU_PRIME: 6583608.3209631676
  CPU_SORTING: 2375793.8602542668
  CPU_ENCRYPTION: 665760322.61346614
  CPU_COMPRESSION: 23828885.570138939
  CPU_SINGLETHREAD: 1914.8566416013823
  CPU_PHYSICS: 155.17713570236532
  CPU_MATRIX_MULT_SSE: 1198.1632363821846
  CPU_mm: 90.459939805111489
  CPU_sse: 766.242325745161
  CPU_fma: 942.17962174129377
  CPU_avx: 1886.0677616600985
  CPU_avx512: 0
  m_CPU_enc_SHA: 223587782.74999812
  m_CPU_enc_AES: 1599218117.7021472
  m_CPU_enc_ECDSA: 174475067.38825294
  ME_ALLOC_S: 0
  ME_READ_S: 0
  ME_READ_L: 0
  ME_WRITE: 0
  ME_LARGE: 0
  ME_LATENCY: 0
  ME_THREADED: 0
  SUMM_CPU: 1694.5217285294491
  SUMM_ME: 0
SystemInformation:
  OSName: Ubuntu 20.04.3 LTS
  Kernel: 5.11.0-41-generic
  Device: ""
  Processor: Intel(R) Core(TM) i5-8250U CPU @ 1.60GHz
  NumSockets: 1
  Manufacturer: GenuineIntel
  NumCores: 4
  NumLogicals: 8
  CPUFrequency: 3400
  Memory: 7838
  MemModuleInfo:
    iNumMemSticks: 0
Checksum: DC2451661DE99AFC7AFDDCF44138E2FFA11EAEB9