BaselineInfo:
  WebDBID: -1
  TimeStamp: 20211202103540
Version:
  Major: 10
  Minor: 1
  Build: 1005
  SpecialBuildName: ""
  ptArchitecture: x86_64_linux
Results:
  Results Complete: true
  NumTestProcesses: 8
  CPU_INTEGER_MATH: 22321.065199999997
  CPU_FLOATINGPOINT_MATH: 12848.909390819454
  CPU_PRIME: 18317348.411031481
  CPU_SORTING: 8855738.8863718808
  CPU_ENCRYPTION: 2555889696.4316645
  CPU_COMPRESSION: 76824164.752405077
  CPU_SINGLETHREAD: 1916.9818410931973
  CPU_PHYSICS: 436.34257830880529
  CPU_MATRIX_MULT_SSE: 3217.8729974035664
  CPU_mm: 529.61436233535164
  CPU_sse: 1943.2488210875392
  CPU_fma: 3667.8554919873559
  CPU_avx: 4042.5146791358047
  CPU_avx512: 0
  m_CPU_enc_SHA: 807757015.60964453
  m_CPU_enc_AES: 6134819644.666296
  m_CPU_enc_ECDSA: 725092429.01905358
  ME_ALLOC_S: 0
  ME_READ_S: 0
  ME_READ_L: 0
  ME_WRITE: 0
  ME_LARGE: 0
  ME_LATENCY: 0
  ME_THREADED: 0
  SUMM_CPU: 5815.7376882986764
  SUMM_ME: 0
SystemInformation:
  OSName: Ubuntu 20.04.3 LTS
  Kernel: 5.11.0-41-generic
  Device: ""
  Processor: Intel(R) Core(TM) i5-8250U CPU @ 1.60GHz
  NumSockets: 1
  Manufacturer: GenuineIntel
  NumCores: 4
  NumLogicals: 8
  CPUFrequency: 3400
  Memory: 7838
  MemModuleInfo:
    iNumMemSticks: 0
Checksum: 1F776482AE2E55DCAE0073011E2067EC406E8A51