BaselineInfo:
  WebDBID: -1
  TimeStamp: 20211202084028
Version:
  Major: 10
  Minor: 1
  Build: 1005
  SpecialBuildName: ""
  ptArchitecture: x86_64_linux
Results:
  Results Complete: true
  NumTestProcesses: 8
  CPU_INTEGER_MATH: 3220.37185
  CPU_FLOATINGPOINT_MATH: 2015.9336129602843
  CPU_PRIME: 4320930.658686691
  CPU_SORTING: 2259072.3156552375
  CPU_ENCRYPTION: 968693295.44717932
  CPU_COMPRESSION: 23171738.996965565
  CPU_SINGLETHREAD: 1918.0195669061254
  CPU_PHYSICS: 90.588095503693125
  CPU_MATRIX_MULT_SSE: 974.65603681041557
  CPU_mm: 119.42828708547442
  CPU_sse: 347.46554470491367
  CPU_fma: 949.1009256231157
  CPU_avx: 1627.4016401032175
  CPU_avx512: 0
  m_CPU_enc_SHA: 318426658.39427596
  m_CPU_enc_AES: 2297901327.3411899
  m_CPU_enc_ECDSA: 289751900.60607165
  ME_ALLOC_S: 0
  ME_READ_S: 0
  ME_READ_L: 0
  ME_WRITE: 0
  ME_LARGE: 0
  ME_LATENCY: 0
  ME_THREADED: 0
  SUMM_CPU: 1428.0308605320715
  SUMM_ME: 0
SystemInformation:
  OSName: Ubuntu 20.04.3 LTS
  Kernel: 5.11.0-41-generic
  Device: ""
  Processor: Intel(R) Core(TM) i5-8250U CPU @ 1.60GHz
  NumSockets: 1
  Manufacturer: GenuineIntel
  NumCores: 4
  NumLogicals: 8
  CPUFrequency: 3400
  Memory: 7838
  MemModuleInfo:
    iNumMemSticks: 0
Checksum: 8C14ECD5046B1D41FB00A0094852663EBC2ACF7A