BaselineInfo:
  WebDBID: -1
  TimeStamp: 20220222091634
Version:
  Major: 10
  Minor: 1
  Build: 1005
  SpecialBuildName: ""
  ptArchitecture: x86_64_linux
Results:
  Results Complete: true
  NumTestProcesses: 3
  CPU_INTEGER_MATH: 13517.08295
  CPU_FLOATINGPOINT_MATH: 11259.8702692638
  CPU_PRIME: 29421578.671589494
  CPU_SORTING: 6839008.9659029786
  CPU_ENCRYPTION: 1804208534.7759614
  CPU_COMPRESSION: 62185423.777152292
  CPU_SINGLETHREAD: 2116.6731739686666
  CPU_PHYSICS: 438.21531844361346
  CPU_MATRIX_MULT_SSE: 3806.8810971053267
  CPU_mm: 644.26851022081087
  CPU_sse: 2333.6554360860891
  CPU_fma: 4272.4415702537817
  CPU_avx: 4814.5462849761107
  CPU_avx512: 0
  m_CPU_enc_SHA: 942705144.51835072
  m_CPU_enc_AES: 3645616050.5145397
  m_CPU_enc_ECDSA: 824304409.29499447
  ME_ALLOC_S: 0
  ME_READ_S: 0
  ME_READ_L: 0
  ME_WRITE: 0
  ME_LARGE: 0
  ME_LATENCY: 0
  ME_THREADED: 0
  SUMM_CPU: 4924.1098615396295
  SUMM_ME: 0
SystemInformation:
  OSName: Ubuntu 20.04.3 LTS
  Kernel: 5.13.0-30-generic
  Device: ""
  Processor: Intel(R) Core(TM) i7-6700 CPU @ 3.40GHz
  NumSockets: 1
  Manufacturer: GenuineIntel
  NumCores: 4
  NumLogicals: 8
  CPUFrequency: 4000
  Memory: 31987
  MemModuleInfo:
    iNumMemSticks: 0
Checksum: 34D524D0EE6BFBAAD759741235B2490ABC2E7617