BaselineInfo:
  WebDBID: -1
  TimeStamp: 20220222090048
Version:
  Major: 10
  Minor: 1
  Build: 1005
  SpecialBuildName: ""
  ptArchitecture: x86_64_linux
Results:
  Results Complete: true
  NumTestProcesses: 1
  CPU_INTEGER_MATH: 4572.1018000000004
  CPU_FLOATINGPOINT_MATH: 3826.4590623117024
  CPU_PRIME: 16832411.960969362
  CPU_SORTING: 2315516.120773307
  CPU_ENCRYPTION: 615404051.22642016
  CPU_COMPRESSION: 20939546.04394291
  CPU_SINGLETHREAD: 2143.1046543966982
  CPU_PHYSICS: 240.04484681556664
  CPU_MATRIX_MULT_SSE: 1273.7825634607368
  CPU_mm: 216.91623642466504
  CPU_sse: 802.31692691154626
  CPU_fma: 1459.5867977803296
  CPU_avx: 1559.4439656903346
  CPU_avx512: 0
  m_CPU_enc_SHA: 321978876.88399565
  m_CPU_enc_AES: 1244255786.8344331
  m_CPU_enc_ECDSA: 279977489.96083164
  ME_ALLOC_S: 0
  ME_READ_S: 0
  ME_READ_L: 0
  ME_WRITE: 0
  ME_LARGE: 0
  ME_LATENCY: 0
  ME_THREADED: 0
  SUMM_CPU: 1759.810484607669
  SUMM_ME: 0
SystemInformation:
  OSName: Ubuntu 20.04.3 LTS
  Kernel: 5.13.0-30-generic
  Device: ""
  Processor: Intel(R) Core(TM) i7-6700 CPU @ 3.40GHz
  NumSockets: 1
  Manufacturer: GenuineIntel
  NumCores: 4
  NumLogicals: 8
  CPUFrequency: 4000
  Memory: 31987
  MemModuleInfo:
    iNumMemSticks: 0
Checksum: D9F6AF40B8686691A07E75ADCF4BA1E04144DE04