BaselineInfo:
  WebDBID: -1
  TimeStamp: 20220222090841
Version:
  Major: 10
  Minor: 1
  Build: 1005
  SpecialBuildName: ""
  ptArchitecture: x86_64_linux
Results:
  Results Complete: true
  NumTestProcesses: 2
  CPU_INTEGER_MATH: 9114.3942500000012
  CPU_FLOATINGPOINT_MATH: 7639.2913630366938
  CPU_PRIME: 27150425.464178216
  CPU_SORTING: 4590833.6670883689
  CPU_ENCRYPTION: 1217180540.0904555
  CPU_COMPRESSION: 41905151.694196053
  CPU_SINGLETHREAD: 2135.5187919698365
  CPU_PHYSICS: 352.03972167833246
  CPU_MATRIX_MULT_SSE: 2533.8125659369252
  CPU_mm: 430.30281532090726
  CPU_sse: 1573.9254265630079
  CPU_fma: 2870.4396428089408
  CPU_avx: 3157.0726284388275
  CPU_avx512: 0
  m_CPU_enc_SHA: 637580596.01264429
  m_CPU_enc_AES: 2460546512.7493792
  m_CPU_enc_ECDSA: 553414511.50934279
  ME_ALLOC_S: 0
  ME_READ_S: 0
  ME_READ_L: 0
  ME_WRITE: 0
  ME_LARGE: 0
  ME_LATENCY: 0
  ME_THREADED: 0
  SUMM_CPU: 3409.88317245402
  SUMM_ME: 0
SystemInformation:
  OSName: Ubuntu 20.04.3 LTS
  Kernel: 5.13.0-30-generic
  Device: ""
  Processor: Intel(R) Core(TM) i7-6700 CPU @ 3.40GHz
  NumSockets: 1
  Manufacturer: GenuineIntel
  NumCores: 4
  NumLogicals: 8
  CPUFrequency: 4000
  Memory: 31987
  MemModuleInfo:
    iNumMemSticks: 0
Checksum: E09140F23F548F9BEA2FFD41EFFF6070CD685564