BaselineInfo:
  WebDBID: -1
  TimeStamp: 20220222093304
Version:
  Major: 10
  Minor: 1
  Build: 1005
  SpecialBuildName: ""
  ptArchitecture: x86_64_linux
Results:
  Results Complete: true
  NumTestProcesses: 5
  CPU_INTEGER_MATH: 20116.213450000003
  CPU_FLOATINGPOINT_MATH: 15360.710587049496
  CPU_PRIME: 30729099.433493655
  CPU_SORTING: 10181849.357391965
  CPU_ENCRYPTION: 2791941246.4225826
  CPU_COMPRESSION: 91588899.377036959
  CPU_SINGLETHREAD: 2135.1361077773472
  CPU_PHYSICS: 568.7731819796835
  CPU_MATRIX_MULT_SSE: 4932.1966595921731
  CPU_mm: 846.82928259739242
  CPU_sse: 3113.3183878230416
  CPU_fma: 5721.4933602261026
  CPU_avx: 5961.7782307273737
  CPU_avx512: 0
  m_CPU_enc_SHA: 1246987269.1089413
  m_CPU_enc_AES: 6031941939.0958481
  m_CPU_enc_ECDSA: 1096894531.0629582
  ME_ALLOC_S: 0
  ME_READ_S: 0
  ME_READ_L: 0
  ME_WRITE: 0
  ME_LARGE: 0
  ME_LATENCY: 0
  ME_THREADED: 0
  SUMM_CPU: 6928.5570390467101
  SUMM_ME: 0
SystemInformation:
  OSName: Ubuntu 20.04.3 LTS
  Kernel: 5.13.0-30-generic
  Device: ""
  Processor: Intel(R) Core(TM) i7-6700 CPU @ 3.40GHz
  NumSockets: 1
  Manufacturer: GenuineIntel
  NumCores: 4
  NumLogicals: 8
  CPUFrequency: 4000
  Memory: 31987
  MemModuleInfo:
    iNumMemSticks: 0
Checksum: 337856E29F04C108653D46583BD46E802F671F97