BaselineInfo:
  WebDBID: -1
  TimeStamp: 20220222094140
Version:
  Major: 10
  Minor: 1
  Build: 1005
  SpecialBuildName: ""
  ptArchitecture: x86_64_linux
Results:
  Results Complete: true
  NumTestProcesses: 6
  CPU_INTEGER_MATH: 22397.1204
  CPU_FLOATINGPOINT_MATH: 15812.229850889373
  CPU_PRIME: 29454573.683033474
  CPU_SORTING: 11222185.103331883
  CPU_ENCRYPTION: 3180469105.6630096
  CPU_COMPRESSION: 101708409.19747941
  CPU_SINGLETHREAD: 2153.065643556256
  CPU_PHYSICS: 600.15338411199377
  CPU_MATRIX_MULT_SSE: 4985.1098738547462
  CPU_mm: 858.40001815165408
  CPU_sse: 3133.896067691197
  CPU_fma: 5815.9944425558579
  CPU_avx: 6005.4391113171841
  CPU_avx512: 0
  m_CPU_enc_SHA: 1243193675.9940608
  m_CPU_enc_AES: 7197193043.2490654
  m_CPU_enc_ECDSA: 1101020597.7459033
  ME_ALLOC_S: 0
  ME_READ_S: 0
  ME_READ_L: 0
  ME_WRITE: 0
  ME_LARGE: 0
  ME_LATENCY: 0
  ME_THREADED: 0
  SUMM_CPU: 7458.2395512593657
  SUMM_ME: 0
SystemInformation:
  OSName: Ubuntu 20.04.3 LTS
  Kernel: 5.13.0-30-generic
  Device: ""
  Processor: Intel(R) Core(TM) i7-6700 CPU @ 3.40GHz
  NumSockets: 1
  Manufacturer: GenuineIntel
  NumCores: 4
  NumLogicals: 8
  CPUFrequency: 4000
  Memory: 31987
  MemModuleInfo:
    iNumMemSticks: 0
Checksum: 86F5EF51C111300A43C925811DCC88FF723096BC