BaselineInfo:
  WebDBID: -1
  TimeStamp: 20220222095854
Version:
  Major: 10
  Minor: 1
  Build: 1005
  SpecialBuildName: ""
  ptArchitecture: x86_64_linux
Results:
  Results Complete: true
  NumTestProcesses: 8
  CPU_INTEGER_MATH: 26877.99785
  CPU_FLOATINGPOINT_MATH: 16677.092303640955
  CPU_PRIME: 27127651.310027294
  CPU_SORTING: 13203654.388160251
  CPU_ENCRYPTION: 3919575928.8676715
  CPU_COMPRESSION: 119660676.10223231
  CPU_SINGLETHREAD: 2146.2399211684683
  CPU_PHYSICS: 585.13618779063586
  CPU_MATRIX_MULT_SSE: 5126.9021551526348
  CPU_mm: 864.86593366919408
  CPU_sse: 3223.6829091346922
  CPU_fma: 5920.6854054905361
  CPU_avx: 6236.3381508326747
  CPU_avx512: 0
  m_CPU_enc_SHA: 1235465708.6446939
  m_CPU_enc_AES: 9410563504.9350014
  m_CPU_enc_ECDSA: 1112698573.0233197
  ME_ALLOC_S: 0
  ME_READ_S: 0
  ME_READ_L: 0
  ME_WRITE: 0
  ME_LARGE: 0
  ME_LATENCY: 0
  ME_THREADED: 0
  SUMM_CPU: 8314.356455040328
  SUMM_ME: 0
SystemInformation:
  OSName: Ubuntu 20.04.3 LTS
  Kernel: 5.13.0-30-generic
  Device: ""
  Processor: Intel(R) Core(TM) i7-6700 CPU @ 3.40GHz
  NumSockets: 1
  Manufacturer: GenuineIntel
  NumCores: 4
  NumLogicals: 8
  CPUFrequency: 4000
  Memory: 31987
  MemModuleInfo:
    iNumMemSticks: 0
Checksum: 48F0560179B52A8833DC140F79A72EE925F9B7EE