BaselineInfo:
  WebDBID: -1
  TimeStamp: 20220222095017
Version:
  Major: 10
  Minor: 1
  Build: 1005
  SpecialBuildName: ""
  ptArchitecture: x86_64_linux
Results:
  Results Complete: true
  NumTestProcesses: 7
  CPU_INTEGER_MATH: 24679.433150000001
  CPU_FLOATINGPOINT_MATH: 16260.351172145754
  CPU_PRIME: 28294286.0970015
  CPU_SORTING: 12246484.791954575
  CPU_ENCRYPTION: 3562665829.9045677
  CPU_COMPRESSION: 110979010.79980136
  CPU_SINGLETHREAD: 2145.2424754109916
  CPU_PHYSICS: 606.24234801494345
  CPU_MATRIX_MULT_SSE: 5063.3135817916509
  CPU_mm: 857.01573681378159
  CPU_sse: 3159.3461391678684
  CPU_fma: 5897.7859466362488
  CPU_avx: 6132.8086595708328
  CPU_avx512: 0
  m_CPU_enc_SHA: 1239459539.6115124
  m_CPU_enc_AES: 8340585859.3771667
  m_CPU_enc_ECDSA: 1107952090.7250247
  ME_ALLOC_S: 0
  ME_READ_S: 0
  ME_READ_L: 0
  ME_WRITE: 0
  ME_LARGE: 0
  ME_LATENCY: 0
  ME_THREADED: 0
  SUMM_CPU: 7925.9985887457096
  SUMM_ME: 0
SystemInformation:
  OSName: Ubuntu 20.04.3 LTS
  Kernel: 5.13.0-30-generic
  Device: ""
  Processor: Intel(R) Core(TM) i7-6700 CPU @ 3.40GHz
  NumSockets: 1
  Manufacturer: GenuineIntel
  NumCores: 4
  NumLogicals: 8
  CPUFrequency: 4000
  Memory: 31987
  MemModuleInfo:
    iNumMemSticks: 0
Checksum: 61CA17702B9930E5750C5B77C38E862E50BA5A8A