BaselineInfo:
  WebDBID: -1
  TimeStamp: 20220222092428
Version:
  Major: 10
  Minor: 1
  Build: 1005
  SpecialBuildName: ""
  ptArchitecture: x86_64_linux
Results:
  Results Complete: true
  NumTestProcesses: 4
  CPU_INTEGER_MATH: 17804.407299999999
  CPU_FLOATINGPOINT_MATH: 14892.969199844625
  CPU_PRIME: 30955046.034436658
  CPU_SORTING: 9093289.4878591895
  CPU_ENCRYPTION: 2396574837.7968054
  CPU_COMPRESSION: 82595674.698609859
  CPU_SINGLETHREAD: 2137.3883945507396
  CPU_PHYSICS: 533.52665965528945
  CPU_MATRIX_MULT_SSE: 4844.5974267181555
  CPU_mm: 851.79346323741038
  CPU_sse: 3085.3404598430679
  CPU_fma: 5658.1467237571987
  CPU_avx: 5790.3050965542043
  CPU_avx512: 0
  m_CPU_enc_SHA: 1246498597.2095985
  m_CPU_enc_AES: 4851327609.1928644
  m_CPU_enc_ECDSA: 1091898306.9879529
  ME_ALLOC_S: 0
  ME_READ_S: 0
  ME_READ_L: 0
  ME_WRITE: 0
  ME_LARGE: 0
  ME_LATENCY: 0
  ME_THREADED: 0
  SUMM_CPU: 6345.9822503004189
  SUMM_ME: 0
SystemInformation:
  OSName: Ubuntu 20.04.3 LTS
  Kernel: 5.13.0-30-generic
  Device: ""
  Processor: Intel(R) Core(TM) i7-6700 CPU @ 3.40GHz
  NumSockets: 1
  Manufacturer: GenuineIntel
  NumCores: 4
  NumLogicals: 8
  CPUFrequency: 4000
  Memory: 31987
  MemModuleInfo:
    iNumMemSticks: 0
Checksum: D1F192386B4D2BAB3942C699BB39539965E4F5BB