BaselineInfo:
  WebDBID: -1
  TimeStamp: 20220301215745
Version:
  Major: 10
  Minor: 1
  Build: 1005
  SpecialBuildName: ""
  ptArchitecture: x86_64_linux
Results:
  Results Complete: true
  NumTestProcesses: 40
  CPU_INTEGER_MATH: 153725.57900000003
  CPU_FLOATINGPOINT_MATH: 127160.0086355372
  CPU_PRIME: 358243127.91854191
  CPU_SORTING: 95653910.80287385
  CPU_ENCRYPTION: 20187396593.388374
  CPU_COMPRESSION: 689378469.0838207
  CPU_SINGLETHREAD: 2340.8054887936532
  CPU_PHYSICS: 4656.8013601002676
  CPU_MATRIX_MULT_SSE: 48242.533190337926
  CPU_mm: 4589.07031756372
  CPU_sse: 20229.022775943809
  CPU_fma: 43139.059529547834
  CPU_avx: 52397.433842740335
  CPU_avx512: 77204.616613119724
  m_CPU_enc_SHA: 10866606993.93961
  m_CPU_enc_AES: 40105084628.000702
  m_CPU_enc_ECDSA: 9590498158.2248383
  ME_ALLOC_S: 0
  ME_READ_S: 0
  ME_READ_L: 0
  ME_WRITE: 0
  ME_LARGE: 0
  ME_LATENCY: 0
  ME_THREADED: 0
  SUMM_CPU: 44084.930356624049
  SUMM_ME: 0
SystemInformation:
  OSName: Ubuntu 20.04.3 LTS
  Kernel: 5.4.0-100-generic
  Device: ""
  Processor: Intel(R) Xeon(R) Gold 6238R CPU @ 2.20GHz
  NumSockets: 2
  Manufacturer: GenuineIntel
  NumCores: 56
  NumLogicals: 112
  CPUFrequency: 1000
  Memory: 515658
  MemModuleInfo:
    iNumMemSticks: 0
Checksum: 9776D6197B7F50198D7DF48FEDEB0A06CBAA1D51