BaselineInfo:
  WebDBID: -1
  TimeStamp: 20220301203050
Version:
  Major: 10
  Minor: 1
  Build: 1005
  SpecialBuildName: ""
  ptArchitecture: x86_64_linux
Results:
  Results Complete: true
  NumTestProcesses: 29
  CPU_INTEGER_MATH: 124293.77505000001
  CPU_FLOATINGPOINT_MATH: 103795.44345046775
  CPU_PRIME: 333836989.30487072
  CPU_SORTING: 79783435.83996366
  CPU_ENCRYPTION: 16097910688.663078
  CPU_COMPRESSION: 564029263.81387925
  CPU_SINGLETHREAD: 2344.3880159543132
  CPU_PHYSICS: 4356.8781111411008
  CPU_MATRIX_MULT_SSE: 39852.196968852135
  CPU_mm: 4509.2404272987842
  CPU_sse: 18293.931750012187
  CPU_fma: 35330.102232113975
  CPU_avx: 42449.126263606224
  CPU_avx512: 63335.627629676128
  m_CPU_enc_SHA: 8848010944.5881615
  m_CPU_enc_AES: 31674827486.981361
  m_CPU_enc_ECDSA: 7770893634.4197216
  ME_ALLOC_S: 0
  ME_READ_S: 0
  ME_READ_L: 0
  ME_WRITE: 0
  ME_LARGE: 0
  ME_LATENCY: 0
  ME_THREADED: 0
  SUMM_CPU: 38014.17152767197
  SUMM_ME: 0
SystemInformation:
  OSName: Ubuntu 20.04.3 LTS
  Kernel: 5.4.0-100-generic
  Device: ""
  Processor: Intel(R) Xeon(R) Gold 6238R CPU @ 2.20GHz
  NumSockets: 2
  Manufacturer: GenuineIntel
  NumCores: 56
  NumLogicals: 112
  CPUFrequency: 1000
  Memory: 515658
  MemModuleInfo:
    iNumMemSticks: 0
Checksum: A4ABBACF4E21D72B2F5BBE01F553A9C5656465F8