BaselineInfo:
  WebDBID: -1
  TimeStamp: 20220301222922
Version:
  Major: 10
  Minor: 1
  Build: 1005
  SpecialBuildName: ""
  ptArchitecture: x86_64_linux
Results:
  Results Complete: true
  NumTestProcesses: 44
  CPU_INTEGER_MATH: 161261.82429999998
  CPU_FLOATINGPOINT_MATH: 130435.676448328
  CPU_PRIME: 362429929.40568399
  CPU_SORTING: 99855918.589520365
  CPU_ENCRYPTION: 21386682598.602661
  CPU_COMPRESSION: 714693706.40476274
  CPU_SINGLETHREAD: 2347.2237751730513
  CPU_PHYSICS: 4687.901701828001
  CPU_MATRIX_MULT_SSE: 50569.566578642902
  CPU_mm: 4481.3150422466297
  CPU_sse: 20255.031966722141
  CPU_fma: 45053.551379352866
  CPU_avx: 54692.664628273676
  CPU_avx512: 82277.018340222901
  m_CPU_enc_SHA: 11319471574.620148
  m_CPU_enc_AES: 42803688690.3601
  m_CPU_enc_ECDSA: 10036887530.827711
  ME_ALLOC_S: 0
  ME_READ_S: 0
  ME_READ_L: 0
  ME_WRITE: 0
  ME_LARGE: 0
  ME_LATENCY: 0
  ME_THREADED: 0
  SUMM_CPU: 45489.512264422672
  SUMM_ME: 0
SystemInformation:
  OSName: Ubuntu 20.04.3 LTS
  Kernel: 5.4.0-100-generic
  Device: ""
  Processor: Intel(R) Xeon(R) Gold 6238R CPU @ 2.20GHz
  NumSockets: 2
  Manufacturer: GenuineIntel
  NumCores: 56
  NumLogicals: 112
  CPUFrequency: 1000
  Memory: 515658
  MemModuleInfo:
    iNumMemSticks: 0
Checksum: 31D1294C31D72B1D3A343712E038BA26059FF840