BaselineInfo:
  WebDBID: -1
  TimeStamp: 20220302013913
Version:
  Major: 10
  Minor: 1
  Build: 1005
  SpecialBuildName: ""
  ptArchitecture: x86_64_linux
Results:
  Results Complete: true
  NumTestProcesses: 67
  CPU_INTEGER_MATH: 219060.77300000007
  CPU_FLOATINGPOINT_MATH: 164482.5919316996
  CPU_PRIME: 391721491.48898697
  CPU_SORTING: 125901990.50838949
  CPU_ENCRYPTION: 29036678479.227455
  CPU_COMPRESSION: 939881711.17168474
  CPU_SINGLETHREAD: 2352.928673182133
  CPU_PHYSICS: 4711.3240065109621
  CPU_MATRIX_MULT_SSE: 61658.809137527089
  CPU_mm: 6486.6346277827679
  CPU_sse: 25867.164972845931
  CPU_fma: 52727.792095140067
  CPU_avx: 63776.519691395202
  CPU_avx512: 104263.75979072708
  m_CPU_enc_SHA: 13118605776.943207
  m_CPU_enc_AES: 62201443000.853447
  m_CPU_enc_ECDSA: 11789986659.885683
  ME_ALLOC_S: 0
  ME_READ_S: 0
  ME_READ_L: 0
  ME_WRITE: 0
  ME_LARGE: 0
  ME_LATENCY: 0
  ME_THREADED: 0
  SUMM_CPU: 54170.995603092022
  SUMM_ME: 0
SystemInformation:
  OSName: Ubuntu 20.04.3 LTS
  Kernel: 5.4.0-100-generic
  Device: ""
  Processor: Intel(R) Xeon(R) Gold 6238R CPU @ 2.20GHz
  NumSockets: 2
  Manufacturer: GenuineIntel
  NumCores: 56
  NumLogicals: 112
  CPUFrequency: 1000
  Memory: 515658
  MemModuleInfo:
    iNumMemSticks: 0
Checksum: BB50EF110041A0F63EF3BB22FCFD2B99BB915C08