BaselineInfo:
  WebDBID: -1
  TimeStamp: 20220301234827
Version:
  Major: 10
  Minor: 1
  Build: 1005
  SpecialBuildName: ""
  ptArchitecture: x86_64_linux
Results:
  Results Complete: true
  NumTestProcesses: 54
  CPU_INTEGER_MATH: 184536.00059999997
  CPU_FLOATINGPOINT_MATH: 144521.06907493225
  CPU_PRIME: 365952552.49288142
  CPU_SORTING: 109769760.55007862
  CPU_ENCRYPTION: 24196993817.246216
  CPU_COMPRESSION: 808044377.22572446
  CPU_SINGLETHREAD: 2342.7145853874936
  CPU_PHYSICS: 4612.8413710870063
  CPU_MATRIX_MULT_SSE: 55518.058912127322
  CPU_mm: 4481.2094661106294
  CPU_sse: 19889.690502169713
  CPU_fma: 45709.289133354097
  CPU_avx: 60168.264380295164
  CPU_avx512: 96304.99163269026
  m_CPU_enc_SHA: 11723736805.640326
  m_CPU_enc_AES: 49226884833.682167
  m_CPU_enc_ECDSA: 11640359812.416164
  ME_ALLOC_S: 0
  ME_READ_S: 0
  ME_READ_L: 0
  ME_WRITE: 0
  ME_LARGE: 0
  ME_LATENCY: 0
  ME_THREADED: 0
  SUMM_CPU: 49032.542482563797
  SUMM_ME: 0
SystemInformation:
  OSName: Ubuntu 20.04.3 LTS
  Kernel: 5.4.0-100-generic
  Device: ""
  Processor: Intel(R) Xeon(R) Gold 6238R CPU @ 2.20GHz
  NumSockets: 2
  Manufacturer: GenuineIntel
  NumCores: 56
  NumLogicals: 112
  CPUFrequency: 1000
  Memory: 515658
  MemModuleInfo:
    iNumMemSticks: 0
Checksum: 6F94CF1BC01A0379F9902C63B3990B8EFDC9BEC3