BaselineInfo:
  WebDBID: -1
  TimeStamp: 20220301191946
Version:
  Major: 10
  Minor: 1
  Build: 1005
  SpecialBuildName: ""
  ptArchitecture: x86_64_linux
Results:
  Results Complete: true
  NumTestProcesses: 20
  CPU_INTEGER_MATH: 88684.495399999985
  CPU_FLOATINGPOINT_MATH: 74170.722147946915
  CPU_PRIME: 271852876.97753817
  CPU_SORTING: 58638698.508051395
  CPU_ENCRYPTION: 11916526570.109213
  CPU_COMPRESSION: 412817397.93405014
  CPU_SINGLETHREAD: 2345.0183774701154
  CPU_PHYSICS: 3755.1478095626717
  CPU_MATRIX_MULT_SSE: 30621.661829056833
  CPU_mm: 3670.8455400105959
  CPU_sse: 14550.938934780559
  CPU_fma: 26844.67356510802
  CPU_avx: 32416.604964202674
  CPU_avx512: 48674.429852136062
  m_CPU_enc_SHA: 6277731145.4003258
  m_CPU_enc_AES: 23930849280.001534
  m_CPU_enc_ECDSA: 5540999284.9257841
  ME_ALLOC_S: 0
  ME_READ_S: 0
  ME_READ_L: 0
  ME_WRITE: 0
  ME_LARGE: 0
  ME_LATENCY: 0
  ME_THREADED: 0
  SUMM_CPU: 29853.151700871935
  SUMM_ME: 0
SystemInformation:
  OSName: Ubuntu 20.04.3 LTS
  Kernel: 5.4.0-100-generic
  Device: ""
  Processor: Intel(R) Xeon(R) Gold 6238R CPU @ 2.20GHz
  NumSockets: 2
  Manufacturer: GenuineIntel
  NumCores: 56
  NumLogicals: 112
  CPUFrequency: 1000
  Memory: 515658
  MemModuleInfo:
    iNumMemSticks: 0
Checksum: BBBB0C233962D21CBE12D67062E06032A00122B6