BaselineInfo:
  WebDBID: -1
  TimeStamp: 20220301211814
Version:
  Major: 10
  Minor: 1
  Build: 1005
  SpecialBuildName: ""
  ptArchitecture: x86_64_linux
Results:
  Results Complete: true
  NumTestProcesses: 35
  CPU_INTEGER_MATH: 138899.28090000001
  CPU_FLOATINGPOINT_MATH: 115758.40954114043
  CPU_PRIME: 349532461.25814915
  CPU_SORTING: 88851543.842005059
  CPU_ENCRYPTION: 18210680445.766365
  CPU_COMPRESSION: 630312400.16548479
  CPU_SINGLETHREAD: 2347.0175336853208
  CPU_PHYSICS: 4435.7622804981165
  CPU_MATRIX_MULT_SSE: 43719.421510085049
  CPU_mm: 4726.6835379720533
  CPU_sse: 20102.632074464174
  CPU_fma: 39231.741760205492
  CPU_avx: 46984.772788206334
  CPU_avx512: 68558.539417464213
  m_CPU_enc_SHA: 9938245229.5663414
  m_CPU_enc_AES: 36004363349.496544
  m_CPU_enc_ECDSA: 8689432758.2362041
  ME_ALLOC_S: 0
  ME_READ_S: 0
  ME_READ_L: 0
  ME_WRITE: 0
  ME_LARGE: 0
  ME_LATENCY: 0
  ME_THREADED: 0
  SUMM_CPU: 41221.478201477352
  SUMM_ME: 0
SystemInformation:
  OSName: Ubuntu 20.04.3 LTS
  Kernel: 5.4.0-100-generic
  Device: ""
  Processor: Intel(R) Xeon(R) Gold 6238R CPU @ 2.20GHz
  NumSockets: 2
  Manufacturer: GenuineIntel
  NumCores: 56
  NumLogicals: 112
  CPUFrequency: 1000
  Memory: 515658
  MemModuleInfo:
    iNumMemSticks: 0
Checksum: 21D5545CC781B1289419BACEA9BF5083C2526392