BaselineInfo:
  WebDBID: -1
  TimeStamp: 20220301165747
Version:
  Major: 10
  Minor: 1
  Build: 1005
  SpecialBuildName: ""
  ptArchitecture: x86_64_linux
Results:
  Results Complete: true
  NumTestProcesses: 2
  CPU_INTEGER_MATH: 9616.573699999999
  CPU_FLOATINGPOINT_MATH: 8035.6363888912765
  CPU_PRIME: 30624422.81905815
  CPU_SORTING: 6516354.5720040426
  CPU_ENCRYPTION: 1298531319.968225
  CPU_COMPRESSION: 44840040.074783579
  CPU_SINGLETHREAD: 2348.3267902346197
  CPU_PHYSICS: 509.33187179782294
  CPU_MATRIX_MULT_SSE: 3434.0222457183627
  CPU_mm: 443.70701531871435
  CPU_sse: 1633.0893102090754
  CPU_fma: 2916.530936441718
  CPU_avx: 3507.5629517669868
  CPU_avx512: 5678.9057844556701
  m_CPU_enc_SHA: 678325957.1785506
  m_CPU_enc_AES: 2618843937.7180862
  m_CPU_enc_ECDSA: 598424065.00803781
  ME_ALLOC_S: 0
  ME_READ_S: 0
  ME_READ_L: 0
  ME_WRITE: 0
  ME_LARGE: 0
  ME_LATENCY: 0
  ME_THREADED: 0
  SUMM_CPU: 3894.5836551190941
  SUMM_ME: 0
SystemInformation:
  OSName: Ubuntu 20.04.3 LTS
  Kernel: 5.4.0-100-generic
  Device: ""
  Processor: Intel(R) Xeon(R) Gold 6238R CPU @ 2.20GHz
  NumSockets: 2
  Manufacturer: GenuineIntel
  NumCores: 56
  NumLogicals: 112
  CPUFrequency: 1000
  Memory: 515658
  MemModuleInfo:
    iNumMemSticks: 0
Checksum: 1EF869494E49275F8D187468F2A08C97B8BCD848