BaselineInfo:
  WebDBID: -1
  TimeStamp: 20220302072457
Version:
  Major: 10
  Minor: 1
  Build: 1005
  SpecialBuildName: ""
  ptArchitecture: x86_64_linux
Results:
  Results Complete: true
  NumTestProcesses: 107
  CPU_INTEGER_MATH: 296327.64479999995
  CPU_FLOATINGPOINT_MATH: 188388.72887075384
  CPU_PRIME: 339425525.43653327
  CPU_SORTING: 150206225.10368252
  CPU_ENCRYPTION: 38306586538.439049
  CPU_COMPRESSION: 1188757837.1546245
  CPU_SINGLETHREAD: 2348.1668379220946
  CPU_PHYSICS: 4014.1241595833853
  CPU_MATRIX_MULT_SSE: 66783.6977722632
  CPU_mm: 8272.7564440217157
  CPU_sse: 29858.042561627135
  CPU_fma: 56290.81732399897
  CPU_avx: 64552.933050830354
  CPU_avx512: 116432.99815259632
  m_CPU_enc_SHA: 12581943307.154047
  m_CPU_enc_AES: 90995557842.984634
  m_CPU_enc_ECDSA: 11342258465.178513
  ME_ALLOC_S: 0
  ME_READ_S: 0
  ME_READ_L: 0
  ME_WRITE: 0
  ME_LARGE: 0
  ME_LATENCY: 0
  ME_THREADED: 0
  SUMM_CPU: 60497.441948167296
  SUMM_ME: 0
SystemInformation:
  OSName: Ubuntu 20.04.3 LTS
  Kernel: 5.4.0-100-generic
  Device: ""
  Processor: Intel(R) Xeon(R) Gold 6238R CPU @ 2.20GHz
  NumSockets: 2
  Manufacturer: GenuineIntel
  NumCores: 56
  NumLogicals: 112
  CPUFrequency: 1000
  Memory: 515658
  MemModuleInfo:
    iNumMemSticks: 0
Checksum: 1BEEABD6D86C6B3F21D59234EB8A8911DBE3D40C