BaselineInfo:
  WebDBID: -1
  TimeStamp: 20220301234032
Version:
  Major: 10
  Minor: 1
  Build: 1005
  SpecialBuildName: ""
  ptArchitecture: x86_64_linux
Results:
  Results Complete: true
  NumTestProcesses: 53
  CPU_INTEGER_MATH: 182828.62454999995
  CPU_FLOATINGPOINT_MATH: 144371.46460955942
  CPU_PRIME: 367310235.1394614
  CPU_SORTING: 108560130.80968818
  CPU_ENCRYPTION: 23646787109.05349
  CPU_COMPRESSION: 799630086.44762373
  CPU_SINGLETHREAD: 2345.988534341107
  CPU_PHYSICS: 4578.308259928288
  CPU_MATRIX_MULT_SSE: 55816.597735845498
  CPU_mm: 4573.6540593470754
  CPU_sse: 20818.499244282619
  CPU_fma: 46812.741692671319
  CPU_avx: 60972.210714944973
  CPU_avx512: 94662.939291483082
  m_CPU_enc_SHA: 11471560151.210175
  m_CPU_enc_AES: 48034503866.181091
  m_CPU_enc_ECDSA: 11434297309.76919
  ME_ALLOC_S: 0
  ME_READ_S: 0
  ME_READ_L: 0
  ME_WRITE: 0
  ME_LARGE: 0
  ME_LATENCY: 0
  ME_THREADED: 0
  SUMM_CPU: 48716.371646435095
  SUMM_ME: 0
SystemInformation:
  OSName: Ubuntu 20.04.3 LTS
  Kernel: 5.4.0-100-generic
  Device: ""
  Processor: Intel(R) Xeon(R) Gold 6238R CPU @ 2.20GHz
  NumSockets: 2
  Manufacturer: GenuineIntel
  NumCores: 56
  NumLogicals: 112
  CPUFrequency: 1000
  Memory: 515658
  MemModuleInfo:
    iNumMemSticks: 0
Checksum: 6F92E9C436582A56EF607A242ECE4F83FE044844