BaselineInfo:
  WebDBID: -1
  TimeStamp: 20220302055827
Version:
  Major: 10
  Minor: 1
  Build: 1005
  SpecialBuildName: ""
  ptArchitecture: x86_64_linux
Results:
  Results Complete: true
  NumTestProcesses: 97
  CPU_INTEGER_MATH: 278455.4325
  CPU_FLOATINGPOINT_MATH: 184621.53772152771
  CPU_PRIME: 357028341.06884271
  CPU_SORTING: 144605870.09190768
  CPU_ENCRYPTION: 36608335206.344254
  CPU_COMPRESSION: 1128850666.5981455
  CPU_SINGLETHREAD: 2345.3635954285155
  CPU_PHYSICS: 4129.8261800525215
  CPU_MATRIX_MULT_SSE: 66212.330104551656
  CPU_mm: 8127.1588504320353
  CPU_sse: 29856.974652743807
  CPU_fma: 56031.238412088118
  CPU_avx: 64472.855922547758
  CPU_avx512: 114488.25143082708
  m_CPU_enc_SHA: 12727620493.812237
  m_CPU_enc_AES: 85682170876.533051
  m_CPU_enc_ECDSA: 11415214248.687416
  ME_ALLOC_S: 0
  ME_READ_S: 0
  ME_READ_L: 0
  ME_WRITE: 0
  ME_LARGE: 0
  ME_LATENCY: 0
  ME_THREADED: 0
  SUMM_CPU: 59370.878611961911
  SUMM_ME: 0
SystemInformation:
  OSName: Ubuntu 20.04.3 LTS
  Kernel: 5.4.0-100-generic
  Device: ""
  Processor: Intel(R) Xeon(R) Gold 6238R CPU @ 2.20GHz
  NumSockets: 2
  Manufacturer: GenuineIntel
  NumCores: 56
  NumLogicals: 112
  CPUFrequency: 1000
  Memory: 515658
  MemModuleInfo:
    iNumMemSticks: 0
Checksum: DDAA9011837994ABFCEB50BBC81E0ABACCEA40A1