BaselineInfo:
  WebDBID: -1
  TimeStamp: 20220302075933
Version:
  Major: 10
  Minor: 1
  Build: 1005
  SpecialBuildName: ""
  ptArchitecture: x86_64_linux
Results:
  Results Complete: true
  NumTestProcesses: 111
  CPU_INTEGER_MATH: 304500.76009999996
  CPU_FLOATINGPOINT_MATH: 189819.45288562329
  CPU_PRIME: 327817832.37941158
  CPU_SORTING: 153027485.89952809
  CPU_ENCRYPTION: 39100261476.702911
  CPU_COMPRESSION: 1199516749.4090824
  CPU_SINGLETHREAD: 2346.5888295811988
  CPU_PHYSICS: 3813.1110218294043
  CPU_MATRIX_MULT_SSE: 67796.70318543406
  CPU_mm: 8088.1901877166129
  CPU_sse: 29894.496029972666
  CPU_fma: 56628.414800183833
  CPU_avx: 64798.418440346912
  CPU_avx512: 119865.48347123287
  m_CPU_enc_SHA: 12473183762.731569
  m_CPU_enc_AES: 93563473227.718597
  m_CPU_enc_ECDSA: 11264127439.658539
  ME_ALLOC_S: 0
  ME_READ_S: 0
  ME_READ_L: 0
  ME_WRITE: 0
  ME_LARGE: 0
  ME_LATENCY: 0
  ME_THREADED: 0
  SUMM_CPU: 60762.396798464288
  SUMM_ME: 0
SystemInformation:
  OSName: Ubuntu 20.04.3 LTS
  Kernel: 5.4.0-100-generic
  Device: ""
  Processor: Intel(R) Xeon(R) Gold 6238R CPU @ 2.20GHz
  NumSockets: 2
  Manufacturer: GenuineIntel
  NumCores: 56
  NumLogicals: 112
  CPUFrequency: 1000
  Memory: 515658
  MemModuleInfo:
    iNumMemSticks: 0
Checksum: 1BB41C4689AF7970B458C3EC58CCDEE8CD19D3E1