BaselineInfo:
  WebDBID: -1
  TimeStamp: 20220301232443
Version:
  Major: 10
  Minor: 1
  Build: 1005
  SpecialBuildName: ""
  ptArchitecture: x86_64_linux
Results:
  Results Complete: true
  NumTestProcesses: 51
  CPU_INTEGER_MATH: 178138.49590000004
  CPU_FLOATINGPOINT_MATH: 142704.14143680531
  CPU_PRIME: 364527065.08863372
  CPU_SORTING: 105684859.49698246
  CPU_ENCRYPTION: 23233021278.183426
  CPU_COMPRESSION: 777064110.4687314
  CPU_SINGLETHREAD: 2345.2990270318533
  CPU_PHYSICS: 4664.6956591417338
  CPU_MATRIX_MULT_SSE: 54230.586732217278
  CPU_mm: 4465.0271777362341
  CPU_sse: 20402.278041772955
  CPU_fma: 46222.929539005512
  CPU_avx: 59268.111956941837
  CPU_avx512: 91029.027391148877
  m_CPU_enc_SHA: 11590747156.348619
  m_CPU_enc_AES: 47162889809.988693
  m_CPU_enc_ECDSA: 10945426868.213011
  ME_ALLOC_S: 0
  ME_READ_S: 0
  ME_READ_L: 0
  ME_WRITE: 0
  ME_LARGE: 0
  ME_LATENCY: 0
  ME_THREADED: 0
  SUMM_CPU: 48018.942788928696
  SUMM_ME: 0
SystemInformation:
  OSName: Ubuntu 20.04.3 LTS
  Kernel: 5.4.0-100-generic
  Device: ""
  Processor: Intel(R) Xeon(R) Gold 6238R CPU @ 2.20GHz
  NumSockets: 2
  Manufacturer: GenuineIntel
  NumCores: 56
  NumLogicals: 112
  CPUFrequency: 1000
  Memory: 515658
  MemModuleInfo:
    iNumMemSticks: 0
Checksum: D132C7AACA7B3DD35798260F091C7C0A9B1FAE09