BaselineInfo:
  WebDBID: -1
  TimeStamp: 20220301221333
Version:
  Major: 10
  Minor: 1
  Build: 1005
  SpecialBuildName: ""
  ptArchitecture: x86_64_linux
Results:
  Results Complete: true
  NumTestProcesses: 42
  CPU_INTEGER_MATH: 153879.71645000001
  CPU_FLOATINGPOINT_MATH: 126220.63873683635
  CPU_PRIME: 356635624.60214508
  CPU_SORTING: 97558762.998972088
  CPU_ENCRYPTION: 20638829063.089626
  CPU_COMPRESSION: 701082291.64474463
  CPU_SINGLETHREAD: 2349.0968426382515
  CPU_PHYSICS: 4643.5386269582268
  CPU_MATRIX_MULT_SSE: 48168.386672639615
  CPU_mm: 4429.9178239231196
  CPU_sse: 20835.903449755573
  CPU_fma: 44283.305901029344
  CPU_avx: 52377.286117558273
  CPU_avx512: 75177.051222215247
  m_CPU_enc_SHA: 11011508774.430527
  m_CPU_enc_AES: 41229783813.020836
  m_CPU_enc_ECDSA: 9675194601.817522
  ME_ALLOC_S: 0
  ME_READ_S: 0
  ME_READ_L: 0
  ME_WRITE: 0
  ME_LARGE: 0
  ME_LATENCY: 0
  ME_THREADED: 0
  SUMM_CPU: 44420.084322064242
  SUMM_ME: 0
SystemInformation:
  OSName: Ubuntu 20.04.3 LTS
  Kernel: 5.4.0-100-generic
  Device: ""
  Processor: Intel(R) Xeon(R) Gold 6238R CPU @ 2.20GHz
  NumSockets: 2
  Manufacturer: GenuineIntel
  NumCores: 56
  NumLogicals: 112
  CPUFrequency: 1000
  Memory: 515658
  MemModuleInfo:
    iNumMemSticks: 0
Checksum: 09402251965A86C6BBFBB684CD8C8B0ACF103015