BaselineInfo:
  WebDBID: -1
  TimeStamp: 20220302035727
Version:
  Major: 10
  Minor: 1
  Build: 1005
  SpecialBuildName: ""
  ptArchitecture: x86_64_linux
Results:
  Results Complete: true
  NumTestProcesses: 83
  CPU_INTEGER_MATH: 252469.78749999998
  CPU_FLOATINGPOINT_MATH: 179475.10484937875
  CPU_PRIME: 385581614.10517561
  CPU_SORTING: 136584300.35013658
  CPU_ENCRYPTION: 32748849511.171051
  CPU_COMPRESSION: 1054708284.5817106
  CPU_SINGLETHREAD: 2343.0800116841742
  CPU_PHYSICS: 4483.6922605006766
  CPU_MATRIX_MULT_SSE: 65178.440410692012
  CPU_mm: 7967.0476477568682
  CPU_sse: 29927.166560767502
  CPU_fma: 55563.968289162985
  CPU_avx: 64250.520139042354
  CPU_avx512: 110972.10665379533
  m_CPU_enc_SHA: 13005019349.486977
  m_CPU_enc_AES: 73677027500.884262
  m_CPU_enc_ECDSA: 11564501683.141901
  ME_ALLOC_S: 0
  ME_READ_S: 0
  ME_READ_L: 0
  ME_WRITE: 0
  ME_LARGE: 0
  ME_LATENCY: 0
  ME_THREADED: 0
  SUMM_CPU: 57443.99028146379
  SUMM_ME: 0
SystemInformation:
  OSName: Ubuntu 20.04.3 LTS
  Kernel: 5.4.0-100-generic
  Device: ""
  Processor: Intel(R) Xeon(R) Gold 6238R CPU @ 2.20GHz
  NumSockets: 2
  Manufacturer: GenuineIntel
  NumCores: 56
  NumLogicals: 112
  CPUFrequency: 1000
  Memory: 515658
  MemModuleInfo:
    iNumMemSticks: 0
Checksum: 2AB25BCC075407293A6B219C533459F6FB3CB466