BaselineInfo:
  WebDBID: -1
  TimeStamp: 20220302023941
Version:
  Major: 10
  Minor: 1
  Build: 1005
  SpecialBuildName: ""
  ptArchitecture: x86_64_linux
Results:
  Results Complete: true
  NumTestProcesses: 74
  CPU_INTEGER_MATH: 234276.36055000001
  CPU_FLOATINGPOINT_MATH: 172431.41727546483
  CPU_PRIME: 394588050.94147635
  CPU_SORTING: 130938892.21594214
  CPU_ENCRYPTION: 30446147201.688671
  CPU_COMPRESSION: 996521290.25799203
  CPU_SINGLETHREAD: 2337.3194787659613
  CPU_PHYSICS: 4599.5103675429227
  CPU_MATRIX_MULT_SSE: 63662.463187634843
  CPU_mm: 7413.5811794399633
  CPU_sse: 28451.829509038445
  CPU_fma: 55145.373842260073
  CPU_avx: 64016.866234818197
  CPU_avx512: 107035.7831644227
  m_CPU_enc_SHA: 12936597033.927431
  m_CPU_enc_AES: 66754859068.711815
  m_CPU_enc_ECDSA: 11646985502.426762
  ME_ALLOC_S: 0
  ME_READ_S: 0
  ME_READ_L: 0
  ME_WRITE: 0
  ME_LARGE: 0
  ME_LATENCY: 0
  ME_THREADED: 0
  SUMM_CPU: 55662.828061171705
  SUMM_ME: 0
SystemInformation:
  OSName: Ubuntu 20.04.3 LTS
  Kernel: 5.4.0-100-generic
  Device: ""
  Processor: Intel(R) Xeon(R) Gold 6238R CPU @ 2.20GHz
  NumSockets: 2
  Manufacturer: GenuineIntel
  NumCores: 56
  NumLogicals: 112
  CPUFrequency: 1000
  Memory: 515658
  MemModuleInfo:
    iNumMemSticks: 0
Checksum: 7A7B9890D67CEC34A73C9386CA5A3997AF53ED0D