BaselineInfo:
  WebDBID: -1
  TimeStamp: 20220302034848
Version:
  Major: 10
  Minor: 1
  Build: 1005
  SpecialBuildName: ""
  ptArchitecture: x86_64_linux
Results:
  Results Complete: true
  NumTestProcesses: 82
  CPU_INTEGER_MATH: 250521.19959999999
  CPU_FLOATINGPOINT_MATH: 178842.17386977532
  CPU_PRIME: 385188004.56627309
  CPU_SORTING: 136900575.19286764
  CPU_ENCRYPTION: 32604692467.221176
  CPU_COMPRESSION: 1051756175.2316223
  CPU_SINGLETHREAD: 2344.5772793409878
  CPU_PHYSICS: 4452.0383003399074
  CPU_MATRIX_MULT_SSE: 64971.7898832637
  CPU_mm: 8066.0811517935354
  CPU_sse: 29854.68301550395
  CPU_fma: 55412.867409180217
  CPU_avx: 64254.170639819837
  CPU_avx512: 110365.43846855071
  m_CPU_enc_SHA: 12960382200.792152
  m_CPU_enc_AES: 73313302419.060043
  m_CPU_enc_ECDSA: 11540392781.811319
  ME_ALLOC_S: 0
  ME_READ_S: 0
  ME_READ_L: 0
  ME_WRITE: 0
  ME_LARGE: 0
  ME_LATENCY: 0
  ME_THREADED: 0
  SUMM_CPU: 57314.845883975577
  SUMM_ME: 0
SystemInformation:
  OSName: Ubuntu 20.04.3 LTS
  Kernel: 5.4.0-100-generic
  Device: ""
  Processor: Intel(R) Xeon(R) Gold 6238R CPU @ 2.20GHz
  NumSockets: 2
  Manufacturer: GenuineIntel
  NumCores: 56
  NumLogicals: 112
  CPUFrequency: 1000
  Memory: 515658
  MemModuleInfo:
    iNumMemSticks: 0
Checksum: FEFF6F52457582CF4F46826D0BDFF0607806CA72