BaselineInfo:
  WebDBID: -1
  TimeStamp: 20220302051514
Version:
  Major: 10
  Minor: 1
  Build: 1005
  SpecialBuildName: ""
  ptArchitecture: x86_64_linux
Results:
  Results Complete: true
  NumTestProcesses: 92
  CPU_INTEGER_MATH: 269142.73525000003
  CPU_FLOATINGPOINT_MATH: 182295.25370709805
  CPU_PRIME: 368047250.25012326
  CPU_SORTING: 142641010.94247317
  CPU_ENCRYPTION: 35751285281.956589
  CPU_COMPRESSION: 1112012627.2199697
  CPU_SINGLETHREAD: 2348.7728364441882
  CPU_PHYSICS: 4263.6653633385195
  CPU_MATRIX_MULT_SSE: 66003.609551439775
  CPU_mm: 8185.9931179215564
  CPU_sse: 29947.064879890582
  CPU_fma: 55906.661429592852
  CPU_avx: 64499.695755181463
  CPU_avx512: 113661.01614109418
  m_CPU_enc_SHA: 12834249164.945063
  m_CPU_enc_AES: 82925867561.41304
  m_CPU_enc_ECDSA: 11493739119.511667
  ME_ALLOC_S: 0
  ME_READ_S: 0
  ME_READ_L: 0
  ME_WRITE: 0
  ME_LARGE: 0
  ME_LATENCY: 0
  ME_THREADED: 0
  SUMM_CPU: 58961.944753399766
  SUMM_ME: 0
SystemInformation:
  OSName: Ubuntu 20.04.3 LTS
  Kernel: 5.4.0-100-generic
  Device: ""
  Processor: Intel(R) Xeon(R) Gold 6238R CPU @ 2.20GHz
  NumSockets: 2
  Manufacturer: GenuineIntel
  NumCores: 56
  NumLogicals: 112
  CPUFrequency: 1000
  Memory: 515658
  MemModuleInfo:
    iNumMemSticks: 0
Checksum: C0954EE199AE7AC97731797748AD78D28F425BEB