BaselineInfo:
  WebDBID: -1
  TimeStamp: 20220301180054
Version:
  Major: 10
  Minor: 1
  Build: 1005
  SpecialBuildName: ""
  ptArchitecture: x86_64_linux
Results:
  Results Complete: true
  NumTestProcesses: 10
  CPU_INTEGER_MATH: 44604.315799999997
  CPU_FLOATINGPOINT_MATH: 37298.683852141854
  CPU_PRIME: 146214417.03062207
  CPU_SORTING: 29777190.104972109
  CPU_ENCRYPTION: 6026094237.2989407
  CPU_COMPRESSION: 208772750.65085876
  CPU_SINGLETHREAD: 2348.1256199286108
  CPU_PHYSICS: 2317.8046898972316
  CPU_MATRIX_MULT_SSE: 16121.850624981285
  CPU_mm: 2079.0176955330135
  CPU_sse: 7499.4787150395359
  CPU_fma: 13443.908944481585
  CPU_avx: 16208.216227788585
  CPU_avx512: 27335.798612615439
  m_CPU_enc_SHA: 3141597343.7234411
  m_CPU_enc_AES: 12166077848.051834
  m_CPU_enc_ECDSA: 2770607520.1215444
  ME_ALLOC_S: 0
  ME_READ_S: 0
  ME_READ_L: 0
  ME_WRITE: 0
  ME_LARGE: 0
  ME_LATENCY: 0
  ME_THREADED: 0
  SUMM_CPU: 16695.422174642477
  SUMM_ME: 0
SystemInformation:
  OSName: Ubuntu 20.04.3 LTS
  Kernel: 5.4.0-100-generic
  Device: ""
  Processor: Intel(R) Xeon(R) Gold 6238R CPU @ 2.20GHz
  NumSockets: 2
  Manufacturer: GenuineIntel
  NumCores: 56
  NumLogicals: 112
  CPUFrequency: 1000
  Memory: 515658
  MemModuleInfo:
    iNumMemSticks: 0
Checksum: 7B628390D7D6FBAF3706D6237D2D4A0B56CBDBB1