BaselineInfo:
  WebDBID: -1
  TimeStamp: 20220302003847
Version:
  Major: 10
  Minor: 1
  Build: 1005
  SpecialBuildName: ""
  ptArchitecture: x86_64_linux
Results:
  Results Complete: true
  NumTestProcesses: 60
  CPU_INTEGER_MATH: 201072.14910000007
  CPU_FLOATINGPOINT_MATH: 153974.71905084624
  CPU_PRIME: 378076279.44414854
  CPU_SORTING: 115151337.94150871
  CPU_ENCRYPTION: 26298397805.65765
  CPU_COMPRESSION: 872667969.79628396
  CPU_SINGLETHREAD: 2352.9308809533441
  CPU_PHYSICS: 4618.3900298598201
  CPU_MATRIX_MULT_SSE: 59338.566988473642
  CPU_mm: 5228.4659487620065
  CPU_sse: 22707.553700352157
  CPU_fma: 49688.119869479902
  CPU_avx: 63486.951357280966
  CPU_avx512: 101471.64302678152
  m_CPU_enc_SHA: 12347706177.847633
  m_CPU_enc_AES: 54736607151.54866
  m_CPU_enc_ECDSA: 11810880087.576681
  ME_ALLOC_S: 0
  ME_READ_S: 0
  ME_READ_L: 0
  ME_WRITE: 0
  ME_LARGE: 0
  ME_LATENCY: 0
  ME_THREADED: 0
  SUMM_CPU: 51496.759157490604
  SUMM_ME: 0
SystemInformation:
  OSName: Ubuntu 20.04.3 LTS
  Kernel: 5.4.0-100-generic
  Device: ""
  Processor: Intel(R) Xeon(R) Gold 6238R CPU @ 2.20GHz
  NumSockets: 2
  Manufacturer: GenuineIntel
  NumCores: 56
  NumLogicals: 112
  CPUFrequency: 1000
  Memory: 515658
  MemModuleInfo:
    iNumMemSticks: 0
Checksum: 98DFE26EF66C3C4C640A68E613387FB60CBA25FA