BaselineInfo:
  WebDBID: -1
  TimeStamp: 20220301204638
Version:
  Major: 10
  Minor: 1
  Build: 1005
  SpecialBuildName: ""
  ptArchitecture: x86_64_linux
Results:
  Results Complete: true
  NumTestProcesses: 31
  CPU_INTEGER_MATH: 130908.50779999999
  CPU_FLOATINGPOINT_MATH: 109176.31795861482
  CPU_PRIME: 340798371.66121042
  CPU_SORTING: 82554527.083162725
  CPU_ENCRYPTION: 16754574223.852072
  CPU_COMPRESSION: 591981653.61771464
  CPU_SINGLETHREAD: 2348.9974701939254
  CPU_PHYSICS: 4484.7842349488274
  CPU_MATRIX_MULT_SSE: 41686.546864912525
  CPU_mm: 4673.8337786611146
  CPU_sse: 19111.555435541723
  CPU_fma: 36997.774318392869
  CPU_avx: 44576.909412385372
  CPU_avx512: 66059.948293330221
  m_CPU_enc_SHA: 9232164348.4373741
  m_CPU_enc_AES: 32925932277.732845
  m_CPU_enc_ECDSA: 8105626045.3859911
  ME_ALLOC_S: 0
  ME_READ_S: 0
  ME_READ_L: 0
  ME_WRITE: 0
  ME_LARGE: 0
  ME_LATENCY: 0
  ME_THREADED: 0
  SUMM_CPU: 39334.707715895107
  SUMM_ME: 0
SystemInformation:
  OSName: Ubuntu 20.04.3 LTS
  Kernel: 5.4.0-100-generic
  Device: ""
  Processor: Intel(R) Xeon(R) Gold 6238R CPU @ 2.20GHz
  NumSockets: 2
  Manufacturer: GenuineIntel
  NumCores: 56
  NumLogicals: 112
  CPUFrequency: 1000
  Memory: 515658
  MemModuleInfo:
    iNumMemSticks: 0
Checksum: FDCB0D99CC3D982D7279777583836B18E3A5A414