BaselineInfo:
  WebDBID: -1
  TimeStamp: 20220301233238
Version:
  Major: 10
  Minor: 1
  Build: 1005
  SpecialBuildName: ""
  ptArchitecture: x86_64_linux
Results:
  Results Complete: true
  NumTestProcesses: 52
  CPU_INTEGER_MATH: 179596.19689999998
  CPU_FLOATINGPOINT_MATH: 148048.64885356702
  CPU_PRIME: 364963994.61838293
  CPU_SORTING: 108119427.84322557
  CPU_ENCRYPTION: 23695127052.422432
  CPU_COMPRESSION: 789703619.93716216
  CPU_SINGLETHREAD: 2350.5361071611255
  CPU_PHYSICS: 4647.935752919193
  CPU_MATRIX_MULT_SSE: 55406.138037413279
  CPU_mm: 4837.2783998684372
  CPU_sse: 21456.203598345081
  CPU_fma: 47100.828864542273
  CPU_avx: 60306.093017346437
  CPU_avx512: 92761.426669419336
  m_CPU_enc_SHA: 11751678808.406231
  m_CPU_enc_AES: 47891903521.7043
  m_CPU_enc_ECDSA: 11441798827.156763
  ME_ALLOC_S: 0
  ME_READ_S: 0
  ME_READ_L: 0
  ME_WRITE: 0
  ME_LARGE: 0
  ME_LATENCY: 0
  ME_THREADED: 0
  SUMM_CPU: 48658.611687408375
  SUMM_ME: 0
SystemInformation:
  OSName: Ubuntu 20.04.3 LTS
  Kernel: 5.4.0-100-generic
  Device: ""
  Processor: Intel(R) Xeon(R) Gold 6238R CPU @ 2.20GHz
  NumSockets: 2
  Manufacturer: GenuineIntel
  NumCores: 56
  NumLogicals: 112
  CPUFrequency: 1000
  Memory: 515658
  MemModuleInfo:
    iNumMemSticks: 0
Checksum: 6A166EB483AE6F32A6EE14D8C68588DD3A55B1A1