BaselineInfo:
  WebDBID: -1
  TimeStamp: 20220302050635
Version:
  Major: 10
  Minor: 1
  Build: 1005
  SpecialBuildName: ""
  ptArchitecture: x86_64_linux
Results:
  Results Complete: true
  NumTestProcesses: 91
  CPU_INTEGER_MATH: 267236.63374999992
  CPU_FLOATINGPOINT_MATH: 182381.97728817133
  CPU_PRIME: 371108580.05961674
  CPU_SORTING: 141589533.03302094
  CPU_ENCRYPTION: 35154386900.236832
  CPU_COMPRESSION: 1098458755.1871138
  CPU_SINGLETHREAD: 2349.044413415897
  CPU_PHYSICS: 4273.3064200853305
  CPU_MATRIX_MULT_SSE: 65990.792798338356
  CPU_mm: 8176.6891595854968
  CPU_sse: 29676.388682490437
  CPU_fma: 55876.648513344619
  CPU_avx: 64458.106813692029
  CPU_avx512: 113952.02718382637
  m_CPU_enc_SHA: 12831626849.56296
  m_CPU_enc_AES: 81170882611.509277
  m_CPU_enc_ECDSA: 11460651239.638241
  ME_ALLOC_S: 0
  ME_READ_S: 0
  ME_READ_L: 0
  ME_WRITE: 0
  ME_LARGE: 0
  ME_LATENCY: 0
  ME_THREADED: 0
  SUMM_CPU: 58709.629476557355
  SUMM_ME: 0
SystemInformation:
  OSName: Ubuntu 20.04.3 LTS
  Kernel: 5.4.0-100-generic
  Device: ""
  Processor: Intel(R) Xeon(R) Gold 6238R CPU @ 2.20GHz
  NumSockets: 2
  Manufacturer: GenuineIntel
  NumCores: 56
  NumLogicals: 112
  CPUFrequency: 1000
  Memory: 515658
  MemModuleInfo:
    iNumMemSticks: 0
Checksum: 38C6A4E0781BF6107EE91F1BDC9486518DE63374