BaselineInfo:
  WebDBID: -1
  TimeStamp: 20220302044039
Version:
  Major: 10
  Minor: 1
  Build: 1005
  SpecialBuildName: ""
  ptArchitecture: x86_64_linux
Results:
  Results Complete: true
  NumTestProcesses: 88
  CPU_INTEGER_MATH: 261710.04345
  CPU_FLOATINGPOINT_MATH: 181289.55685769446
  CPU_PRIME: 374739848.38730603
  CPU_SORTING: 139867534.37085974
  CPU_ENCRYPTION: 34580594913.989189
  CPU_COMPRESSION: 1087600440.1519694
  CPU_SINGLETHREAD: 2345.9749704288724
  CPU_PHYSICS: 4285.3904468771361
  CPU_MATRIX_MULT_SSE: 65511.908409242125
  CPU_mm: 8252.1272555282958
  CPU_sse: 29776.177929838876
  CPU_fma: 55650.874920984636
  CPU_avx: 64315.618969068884
  CPU_avx512: 112304.96181707608
  m_CPU_enc_SHA: 12880155635.39082
  m_CPU_enc_AES: 79354541230.623184
  m_CPU_enc_ECDSA: 11507087875.953541
  ME_ALLOC_S: 0
  ME_READ_S: 0
  ME_READ_L: 0
  ME_WRITE: 0
  ME_LARGE: 0
  ME_LATENCY: 0
  ME_THREADED: 0
  SUMM_CPU: 58285.916139280365
  SUMM_ME: 0
SystemInformation:
  OSName: Ubuntu 20.04.3 LTS
  Kernel: 5.4.0-100-generic
  Device: ""
  Processor: Intel(R) Xeon(R) Gold 6238R CPU @ 2.20GHz
  NumSockets: 2
  Manufacturer: GenuineIntel
  NumCores: 56
  NumLogicals: 112
  CPUFrequency: 1000
  Memory: 515658
  MemModuleInfo:
    iNumMemSticks: 0
Checksum: BE81907D8B75A662EC6C62C0F589A55200388ADC