BaselineInfo:
  WebDBID: -1
  TimeStamp: 20220302011319
Version:
  Major: 10
  Minor: 1
  Build: 1005
  SpecialBuildName: ""
  ptArchitecture: x86_64_linux
Results:
  Results Complete: true
  NumTestProcesses: 64
  CPU_INTEGER_MATH: 211759.34599999996
  CPU_FLOATINGPOINT_MATH: 161776.24978104286
  CPU_PRIME: 387031660.75091946
  CPU_SORTING: 121716407.24375796
  CPU_ENCRYPTION: 28072788400.595272
  CPU_COMPRESSION: 912010850.74921823
  CPU_SINGLETHREAD: 2350.6536274362388
  CPU_PHYSICS: 4775.1167407980183
  CPU_MATRIX_MULT_SSE: 61172.230824248079
  CPU_mm: 6280.5241288317693
  CPU_sse: 25239.792000852263
  CPU_fma: 52710.202414409643
  CPU_avx: 63727.336618321366
  CPU_avx512: 103011.59226340897
  m_CPU_enc_SHA: 12974775683.175591
  m_CPU_enc_AES: 59427022230.677719
  m_CPU_enc_ECDSA: 11816567287.932512
  ME_ALLOC_S: 0
  ME_READ_S: 0
  ME_READ_L: 0
  ME_WRITE: 0
  ME_LARGE: 0
  ME_LATENCY: 0
  ME_THREADED: 0
  SUMM_CPU: 53259.216139933596
  SUMM_ME: 0
SystemInformation:
  OSName: Ubuntu 20.04.3 LTS
  Kernel: 5.4.0-100-generic
  Device: ""
  Processor: Intel(R) Xeon(R) Gold 6238R CPU @ 2.20GHz
  NumSockets: 2
  Manufacturer: GenuineIntel
  NumCores: 56
  NumLogicals: 112
  CPUFrequency: 1000
  Memory: 515658
  MemModuleInfo:
    iNumMemSticks: 0
Checksum: 599927624CDC174A22929263C69E35AA986EDE7E