BaselineInfo:
  WebDBID: -1
  TimeStamp: 20220301192740
Version:
  Major: 10
  Minor: 1
  Build: 1005
  SpecialBuildName: ""
  ptArchitecture: x86_64_linux
Results:
  Results Complete: true
  NumTestProcesses: 21
  CPU_INTEGER_MATH: 92884.330000000002
  CPU_FLOATINGPOINT_MATH: 77777.844395414024
  CPU_PRIME: 282736106.20979303
  CPU_SORTING: 61476745.226758361
  CPU_ENCRYPTION: 12464421134.669025
  CPU_COMPRESSION: 432657502.65075457
  CPU_SINGLETHREAD: 2344.9428766371821
  CPU_PHYSICS: 3836.0657039851872
  CPU_MATRIX_MULT_SSE: 31955.929058983987
  CPU_mm: 3812.4531293327668
  CPU_sse: 15063.717640790395
  CPU_fma: 27973.337352925231
  CPU_avx: 33810.681971970254
  CPU_avx512: 50975.979270250064
  m_CPU_enc_SHA: 6591111847.8668966
  m_CPU_enc_AES: 24986687323.237309
  m_CPU_enc_ECDSA: 5815464232.9028711
  ME_ALLOC_S: 0
  ME_READ_S: 0
  ME_READ_L: 0
  ME_WRITE: 0
  ME_LARGE: 0
  ME_LATENCY: 0
  ME_THREADED: 0
  SUMM_CPU: 30973.063117416201
  SUMM_ME: 0
SystemInformation:
  OSName: Ubuntu 20.04.3 LTS
  Kernel: 5.4.0-100-generic
  Device: ""
  Processor: Intel(R) Xeon(R) Gold 6238R CPU @ 2.20GHz
  NumSockets: 2
  Manufacturer: GenuineIntel
  NumCores: 56
  NumLogicals: 112
  CPUFrequency: 1000
  Memory: 515658
  MemModuleInfo:
    iNumMemSticks: 0
Checksum: 8C82B540EA6AD6A12EE3966E95175F5B807D7229