BaselineInfo:
  WebDBID: -1
  TimeStamp: 20220302071617
Version:
  Major: 10
  Minor: 1
  Build: 1005
  SpecialBuildName: ""
  ptArchitecture: x86_64_linux
Results:
  Results Complete: true
  NumTestProcesses: 106
  CPU_INTEGER_MATH: 295157.13169999991
  CPU_FLOATINGPOINT_MATH: 188114.73197934317
  CPU_PRIME: 339440404.26614332
  CPU_SORTING: 149713501.63496768
  CPU_ENCRYPTION: 38361999098.835251
  CPU_COMPRESSION: 1184873550.0549946
  CPU_SINGLETHREAD: 2342.3342265047486
  CPU_PHYSICS: 4039.059209763745
  CPU_MATRIX_MULT_SSE: 67500.572117985052
  CPU_mm: 8097.44097175772
  CPU_sse: 29695.306120063335
  CPU_fma: 56537.247824727689
  CPU_avx: 64811.249982152942
  CPU_avx512: 118958.48454499627
  m_CPU_enc_SHA: 12586037966.318819
  m_CPU_enc_AES: 91168831383.06282
  m_CPU_enc_ECDSA: 11331127947.124115
  ME_ALLOC_S: 0
  ME_READ_S: 0
  ME_READ_L: 0
  ME_WRITE: 0
  ME_LARGE: 0
  ME_LATENCY: 0
  ME_THREADED: 0
  SUMM_CPU: 60465.558867740881
  SUMM_ME: 0
SystemInformation:
  OSName: Ubuntu 20.04.3 LTS
  Kernel: 5.4.0-100-generic
  Device: ""
  Processor: Intel(R) Xeon(R) Gold 6238R CPU @ 2.20GHz
  NumSockets: 2
  Manufacturer: GenuineIntel
  NumCores: 56
  NumLogicals: 112
  CPUFrequency: 1000
  Memory: 515658
  MemModuleInfo:
    iNumMemSticks: 0
Checksum: 10DC1BF79C202439369FAA6263F7C9D8DE71D696