BaselineInfo:
  WebDBID: -1
  TimeStamp: 20220302013035
Version:
  Major: 10
  Minor: 1
  Build: 1005
  SpecialBuildName: ""
  ptArchitecture: x86_64_linux
Results:
  Results Complete: true
  NumTestProcesses: 66
  CPU_INTEGER_MATH: 216515.47269999998
  CPU_FLOATINGPOINT_MATH: 164235.00977745248
  CPU_PRIME: 389828645.95358306
  CPU_SORTING: 123456904.76673412
  CPU_ENCRYPTION: 28375562947.609604
  CPU_COMPRESSION: 928720249.13128519
  CPU_SINGLETHREAD: 2352.3108282123876
  CPU_PHYSICS: 4744.9843754982667
  CPU_MATRIX_MULT_SSE: 61193.330021483809
  CPU_mm: 6191.5549836586124
  CPU_sse: 25087.471242145188
  CPU_fma: 52252.28493173622
  CPU_avx: 63689.977155909706
  CPU_avx512: 103743.58675614411
  m_CPU_enc_SHA: 13083901618.187174
  m_CPU_enc_AES: 60292790860.047905
  m_CPU_enc_ECDSA: 11749996364.593752
  ME_ALLOC_S: 0
  ME_READ_S: 0
  ME_READ_L: 0
  ME_WRITE: 0
  ME_LARGE: 0
  ME_LATENCY: 0
  ME_THREADED: 0
  SUMM_CPU: 53725.757654797206
  SUMM_ME: 0
SystemInformation:
  OSName: Ubuntu 20.04.3 LTS
  Kernel: 5.4.0-100-generic
  Device: ""
  Processor: Intel(R) Xeon(R) Gold 6238R CPU @ 2.20GHz
  NumSockets: 2
  Manufacturer: GenuineIntel
  NumCores: 56
  NumLogicals: 112
  CPUFrequency: 1000
  Memory: 515658
  MemModuleInfo:
    iNumMemSticks: 0
Checksum: ECF9B47FE1F5121292AEBAD30FE3C1A8E47AC67A