BaselineInfo:
  WebDBID: -1
  TimeStamp: 20220302054948
Version:
  Major: 10
  Minor: 1
  Build: 1005
  SpecialBuildName: ""
  ptArchitecture: x86_64_linux
Results:
  Results Complete: true
  NumTestProcesses: 96
  CPU_INTEGER_MATH: 276602.03429999994
  CPU_FLOATINGPOINT_MATH: 184384.54597759186
  CPU_PRIME: 357804956.48317665
  CPU_SORTING: 144078343.77379292
  CPU_ENCRYPTION: 36469447941.56131
  CPU_COMPRESSION: 1125580581.0546145
  CPU_SINGLETHREAD: 2344.0467514404008
  CPU_PHYSICS: 4145.8220816801622
  CPU_MATRIX_MULT_SSE: 66099.539036783593
  CPU_mm: 8113.8397126566779
  CPU_sse: 29610.031573930279
  CPU_fma: 55994.600558509992
  CPU_avx: 64432.538785821518
  CPU_avx512: 114360.98522887258
  m_CPU_enc_SHA: 12752473052.251322
  m_CPU_enc_AES: 85212299273.272797
  m_CPU_enc_ECDSA: 11443571499.159821
  ME_ALLOC_S: 0
  ME_READ_S: 0
  ME_READ_L: 0
  ME_WRITE: 0
  ME_LARGE: 0
  ME_LATENCY: 0
  ME_THREADED: 0
  SUMM_CPU: 59261.582654375452
  SUMM_ME: 0
SystemInformation:
  OSName: Ubuntu 20.04.3 LTS
  Kernel: 5.4.0-100-generic
  Device: ""
  Processor: Intel(R) Xeon(R) Gold 6238R CPU @ 2.20GHz
  NumSockets: 2
  Manufacturer: GenuineIntel
  NumCores: 56
  NumLogicals: 112
  CPUFrequency: 1000
  Memory: 515658
  MemModuleInfo:
    iNumMemSticks: 0
Checksum: 3519ABC73760E847C7F4EAF0FFD2A9FAE465B24B