BaselineInfo:
  WebDBID: -1
  TimeStamp: 20220301170540
Version:
  Major: 10
  Minor: 1
  Build: 1005
  SpecialBuildName: ""
  ptArchitecture: x86_64_linux
Results:
  Results Complete: true
  NumTestProcesses: 3
  CPU_INTEGER_MATH: 14188.5193
  CPU_FLOATINGPOINT_MATH: 11872.084052658574
  CPU_PRIME: 45535221.477543131
  CPU_SORTING: 9612348.8980937973
  CPU_ENCRYPTION: 1920252810.5873177
  CPU_COMPRESSION: 66810169.731001735
  CPU_SINGLETHREAD: 2349.5363101549469
  CPU_PHYSICS: 757.96303215280773
  CPU_MATRIX_MULT_SSE: 5143.4432549646172
  CPU_mm: 657.54025493250754
  CPU_sse: 2408.4908945977472
  CPU_fma: 4331.5460202085314
  CPU_avx: 5211.7199188400591
  CPU_avx512: 8622.0161862121331
  m_CPU_enc_SHA: 1001837062.7394537
  m_CPU_enc_AES: 3876154929.8525014
  m_CPU_enc_ECDSA: 882766439.16999829
  ME_ALLOC_S: 0
  ME_READ_S: 0
  ME_READ_L: 0
  ME_WRITE: 0
  ME_LARGE: 0
  ME_LATENCY: 0
  ME_THREADED: 0
  SUMM_CPU: 5709.2644599410087
  SUMM_ME: 0
SystemInformation:
  OSName: Ubuntu 20.04.3 LTS
  Kernel: 5.4.0-100-generic
  Device: ""
  Processor: Intel(R) Xeon(R) Gold 6238R CPU @ 2.20GHz
  NumSockets: 2
  Manufacturer: GenuineIntel
  NumCores: 56
  NumLogicals: 112
  CPUFrequency: 1000
  Memory: 515658
  MemModuleInfo:
    iNumMemSticks: 0
Checksum: 03FFDE3F49B5E6D38EAC5EE703CF1047F299B033