BaselineInfo:
  WebDBID: -1
  TimeStamp: 20220301235622
Version:
  Major: 10
  Minor: 1
  Build: 1005
  SpecialBuildName: ""
  ptArchitecture: x86_64_linux
Results:
  Results Complete: true
  NumTestProcesses: 55
  CPU_INTEGER_MATH: 192201.37005
  CPU_FLOATINGPOINT_MATH: 143184.97403578251
  CPU_PRIME: 361320976.9868809
  CPU_SORTING: 110884119.94106072
  CPU_ENCRYPTION: 24360618302.920231
  CPU_COMPRESSION: 802515566.91013551
  CPU_SINGLETHREAD: 2347.719611896372
  CPU_PHYSICS: 4614.0683474519237
  CPU_MATRIX_MULT_SSE: 57504.48410267444
  CPU_mm: 4896.9219955862718
  CPU_sse: 22156.42406240635
  CPU_fma: 48068.96820427799
  CPU_avx: 62203.418175737839
  CPU_avx512: 97589.125968275679
  m_CPU_enc_SHA: 11776001067.363348
  m_CPU_enc_AES: 49790314547.231537
  m_CPU_enc_ECDSA: 11515539294.165817
  ME_ALLOC_S: 0
  ME_READ_S: 0
  ME_READ_L: 0
  ME_WRITE: 0
  ME_LARGE: 0
  ME_LATENCY: 0
  ME_THREADED: 0
  SUMM_CPU: 49427.309287999065
  SUMM_ME: 0
SystemInformation:
  OSName: Ubuntu 20.04.3 LTS
  Kernel: 5.4.0-100-generic
  Device: ""
  Processor: Intel(R) Xeon(R) Gold 6238R CPU @ 2.20GHz
  NumSockets: 2
  Manufacturer: GenuineIntel
  NumCores: 56
  NumLogicals: 112
  CPUFrequency: 1000
  Memory: 515658
  MemModuleInfo:
    iNumMemSticks: 0
Checksum: 855489ACDB91E865F1BC66C457B2E982A12C117C