BaselineInfo:
  WebDBID: -1
  TimeStamp: 20220301182433
Version:
  Major: 10
  Minor: 1
  Build: 1005
  SpecialBuildName: ""
  ptArchitecture: x86_64_linux
Results:
  Results Complete: true
  NumTestProcesses: 13
  CPU_INTEGER_MATH: 57976.917300000001
  CPU_FLOATINGPOINT_MATH: 48475.026039724558
  CPU_PRIME: 187819551.30292499
  CPU_SORTING: 38700043.615020595
  CPU_ENCRYPTION: 7828189818.028286
  CPU_COMPRESSION: 271347826.04260492
  CPU_SINGLETHREAD: 2354.1476489716715
  CPU_PHYSICS: 2875.3071235131565
  CPU_MATRIX_MULT_SSE: 20991.451628195697
  CPU_mm: 2700.5559290817137
  CPU_sse: 9852.9130557104963
  CPU_fma: 17486.434620791471
  CPU_avx: 21054.94090327368
  CPU_avx512: 35571.517933007148
  m_CPU_enc_SHA: 4083354398.3666897
  m_CPU_enc_AES: 15800162829.564354
  m_CPU_enc_ECDSA: 3601052226.1538119
  ME_ALLOC_S: 0
  ME_READ_S: 0
  ME_READ_L: 0
  ME_WRITE: 0
  ME_LARGE: 0
  ME_LATENCY: 0
  ME_THREADED: 0
  SUMM_CPU: 21057.835099588636
  SUMM_ME: 0
SystemInformation:
  OSName: Ubuntu 20.04.3 LTS
  Kernel: 5.4.0-100-generic
  Device: ""
  Processor: Intel(R) Xeon(R) Gold 6238R CPU @ 2.20GHz
  NumSockets: 2
  Manufacturer: GenuineIntel
  NumCores: 56
  NumLogicals: 112
  CPUFrequency: 1000
  Memory: 515658
  MemModuleInfo:
    iNumMemSticks: 0
Checksum: A79C20840DFE6C0D8A368D18AC93165EA8782995