BaselineInfo:
  WebDBID: -1
  TimeStamp: 20220301211020
Version:
  Major: 10
  Minor: 1
  Build: 1005
  SpecialBuildName: ""
  ptArchitecture: x86_64_linux
Results:
  Results Complete: true
  NumTestProcesses: 34
  CPU_INTEGER_MATH: 135710.17745000002
  CPU_FLOATINGPOINT_MATH: 113472.9350106721
  CPU_PRIME: 344442882.36183095
  CPU_SORTING: 88549096.963273332
  CPU_ENCRYPTION: 17887088790.400723
  CPU_COMPRESSION: 621739010.87650526
  CPU_SINGLETHREAD: 2352.7251430731494
  CPU_PHYSICS: 4533.3367627859152
  CPU_MATRIX_MULT_SSE: 42595.470667614492
  CPU_mm: 4548.1450806039638
  CPU_sse: 19589.903600381513
  CPU_fma: 38623.57662394346
  CPU_avx: 45742.114082415523
  CPU_avx512: 66426.288363717496
  m_CPU_enc_SHA: 9771647083.5554047
  m_CPU_enc_AES: 35259007186.960846
  m_CPU_enc_ECDSA: 8630612100.6859074
  ME_ALLOC_S: 0
  ME_READ_S: 0
  ME_READ_L: 0
  ME_WRITE: 0
  ME_LARGE: 0
  ME_LATENCY: 0
  ME_THREADED: 0
  SUMM_CPU: 40751.005492695876
  SUMM_ME: 0
SystemInformation:
  OSName: Ubuntu 20.04.3 LTS
  Kernel: 5.4.0-100-generic
  Device: ""
  Processor: Intel(R) Xeon(R) Gold 6238R CPU @ 2.20GHz
  NumSockets: 2
  Manufacturer: GenuineIntel
  NumCores: 56
  NumLogicals: 112
  CPUFrequency: 1000
  Memory: 515658
  MemModuleInfo:
    iNumMemSticks: 0
Checksum: 3312D4EFD660137D92B3FE140B5396BF59C6E49A