BaselineInfo:
  WebDBID: -1
  TimeStamp: 20220302041443
Version:
  Major: 10
  Minor: 1
  Build: 1005
  SpecialBuildName: ""
  ptArchitecture: x86_64_linux
Results:
  Results Complete: true
  NumTestProcesses: 85
  CPU_INTEGER_MATH: 256150.17544999998
  CPU_FLOATINGPOINT_MATH: 179986.08992970985
  CPU_PRIME: 381178524.27192569
  CPU_SORTING: 138501918.97210693
  CPU_ENCRYPTION: 34044504031.938564
  CPU_COMPRESSION: 1070126265.6782877
  CPU_SINGLETHREAD: 2353.2834893913619
  CPU_PHYSICS: 4362.6093139505265
  CPU_MATRIX_MULT_SSE: 63437.91220338687
  CPU_mm: 8214.5696091789778
  CPU_sse: 29875.506992355171
  CPU_fma: 55562.608254908948
  CPU_avx: 64249.899654790839
  CPU_avx512: 104063.63391149248
  m_CPU_enc_SHA: 12928484494.748087
  m_CPU_enc_AES: 77669391787.98912
  m_CPU_enc_ECDSA: 11535635813.078459
  ME_ALLOC_S: 0
  ME_READ_S: 0
  ME_READ_L: 0
  ME_WRITE: 0
  ME_LARGE: 0
  ME_LATENCY: 0
  ME_THREADED: 0
  SUMM_CPU: 57860.756931761396
  SUMM_ME: 0
SystemInformation:
  OSName: Ubuntu 20.04.3 LTS
  Kernel: 5.4.0-100-generic
  Device: ""
  Processor: Intel(R) Xeon(R) Gold 6238R CPU @ 2.20GHz
  NumSockets: 2
  Manufacturer: GenuineIntel
  NumCores: 56
  NumLogicals: 112
  CPUFrequency: 1000
  Memory: 515658
  MemModuleInfo:
    iNumMemSticks: 0
Checksum: F6B3C9F66C47CBA2CC78106FD17B719688CC9C01