BaselineInfo:
  WebDBID: -1
  TimeStamp: 20220302005603
Version:
  Major: 10
  Minor: 1
  Build: 1005
  SpecialBuildName: ""
  ptArchitecture: x86_64_linux
Results:
  Results Complete: true
  NumTestProcesses: 62
  CPU_INTEGER_MATH: 206526.09220000001
  CPU_FLOATINGPOINT_MATH: 159654.395083137
  CPU_PRIME: 387900802.4894793
  CPU_SORTING: 120276245.30401123
  CPU_ENCRYPTION: 27356306135.638069
  CPU_COMPRESSION: 892252823.96421671
  CPU_SINGLETHREAD: 2353.8817022351996
  CPU_PHYSICS: 4598.1375829131384
  CPU_MATRIX_MULT_SSE: 59777.995093097357
  CPU_mm: 5779.9138857838716
  CPU_sse: 24387.813353500358
  CPU_fma: 51014.262819264251
  CPU_avx: 63780.466093903306
  CPU_avx512: 99929.438105721463
  m_CPU_enc_SHA: 12654757307.754396
  m_CPU_enc_AES: 57784357305.957214
  m_CPU_enc_ECDSA: 11629803793.202576
  ME_ALLOC_S: 0
  ME_READ_S: 0
  ME_READ_L: 0
  ME_WRITE: 0
  ME_LARGE: 0
  ME_LATENCY: 0
  ME_THREADED: 0
  SUMM_CPU: 52505.939210913326
  SUMM_ME: 0
SystemInformation:
  OSName: Ubuntu 20.04.3 LTS
  Kernel: 5.4.0-100-generic
  Device: ""
  Processor: Intel(R) Xeon(R) Gold 6238R CPU @ 2.20GHz
  NumSockets: 2
  Manufacturer: GenuineIntel
  NumCores: 56
  NumLogicals: 112
  CPUFrequency: 1000
  Memory: 515658
  MemModuleInfo:
    iNumMemSticks: 0
Checksum: 478F2DC1283EBB3B22BD30B9A3DF0BC702BE7C16