BaselineInfo:
  WebDBID: -1
  TimeStamp: 20220301171333
Version:
  Major: 10
  Minor: 1
  Build: 1005
  SpecialBuildName: ""
  ptArchitecture: x86_64_linux
Results:
  Results Complete: true
  NumTestProcesses: 4
  CPU_INTEGER_MATH: 18978.772149999997
  CPU_FLOATINGPOINT_MATH: 15884.431559530196
  CPU_PRIME: 60600864.99806416
  CPU_SORTING: 12844724.519753184
  CPU_ENCRYPTION: 2564493464.9543791
  CPU_COMPRESSION: 88565986.515503466
  CPU_SINGLETHREAD: 2344.6266803117064
  CPU_PHYSICS: 1012.0864997217983
  CPU_MATRIX_MULT_SSE: 6866.867894825491
  CPU_mm: 869.72869490931544
  CPU_sse: 3229.2785638672417
  CPU_fma: 5750.0979680530763
  CPU_avx: 6907.551062416198
  CPU_avx512: 11580.543984965447
  m_CPU_enc_SHA: 1338979935.938755
  m_CPU_enc_AES: 5173311280.4971285
  m_CPU_enc_ECDSA: 1181189178.4272542
  ME_ALLOC_S: 0
  ME_READ_S: 0
  ME_READ_L: 0
  ME_WRITE: 0
  ME_LARGE: 0
  ME_LATENCY: 0
  ME_THREADED: 0
  SUMM_CPU: 7533.5608360238903
  SUMM_ME: 0
SystemInformation:
  OSName: Ubuntu 20.04.3 LTS
  Kernel: 5.4.0-100-generic
  Device: ""
  Processor: Intel(R) Xeon(R) Gold 6238R CPU @ 2.20GHz
  NumSockets: 2
  Manufacturer: GenuineIntel
  NumCores: 56
  NumLogicals: 112
  CPUFrequency: 1000
  Memory: 515658
  MemModuleInfo:
    iNumMemSticks: 0
Checksum: 9B573A54B8588B78D672215688C361CAF856B181