BaselineInfo:
  WebDBID: -1
  TimeStamp: 20220301175301
Version:
  Major: 10
  Minor: 1
  Build: 1005
  SpecialBuildName: ""
  ptArchitecture: x86_64_linux
Results:
  Results Complete: true
  NumTestProcesses: 9
  CPU_INTEGER_MATH: 40560.070599999999
  CPU_FLOATINGPOINT_MATH: 33920.371411954635
  CPU_PRIME: 132216175.48559186
  CPU_SORTING: 27242702.150375295
  CPU_ENCRYPTION: 5475996254.2183647
  CPU_COMPRESSION: 189959271.33899528
  CPU_SINGLETHREAD: 2343.8503868417192
  CPU_PHYSICS: 2129.0799598489839
  CPU_MATRIX_MULT_SSE: 14740.643544170827
  CPU_mm: 1873.3558196362981
  CPU_sse: 6893.73133077083
  CPU_fma: 12237.888900916954
  CPU_avx: 14760.81881542016
  CPU_avx512: 25070.135129575363
  m_CPU_enc_SHA: 2858235588.0734963
  m_CPU_enc_AES: 11049082928.231863
  m_CPU_enc_ECDSA: 2520670246.3497386
  ME_ALLOC_S: 0
  ME_READ_S: 0
  ME_READ_L: 0
  ME_WRITE: 0
  ME_LARGE: 0
  ME_LATENCY: 0
  ME_THREADED: 0
  SUMM_CPU: 15332.739384864275
  SUMM_ME: 0
SystemInformation:
  OSName: Ubuntu 20.04.3 LTS
  Kernel: 5.4.0-100-generic
  Device: ""
  Processor: Intel(R) Xeon(R) Gold 6238R CPU @ 2.20GHz
  NumSockets: 2
  Manufacturer: GenuineIntel
  NumCores: 56
  NumLogicals: 112
  CPUFrequency: 2130
  Memory: 515658
  MemModuleInfo:
    iNumMemSticks: 0
Checksum: 8BDB0E47116831207936756DD4C16BC48F7E766D