BaselineInfo:
  WebDBID: -1
  TimeStamp: 20220302030536
Version:
  Major: 10
  Minor: 1
  Build: 1005
  SpecialBuildName: ""
  ptArchitecture: x86_64_linux
Results:
  Results Complete: true
  NumTestProcesses: 77
  CPU_INTEGER_MATH: 240366.75474999996
  CPU_FLOATINGPOINT_MATH: 175551.90906801028
  CPU_PRIME: 390860160.52468705
  CPU_SORTING: 133038067.61640061
  CPU_ENCRYPTION: 31169491596.975212
  CPU_COMPRESSION: 1018003500.6207881
  CPU_SINGLETHREAD: 2344.8113370233245
  CPU_PHYSICS: 4487.739977495341
  CPU_MATRIX_MULT_SSE: 64262.296928218937
  CPU_mm: 7668.4380746698153
  CPU_sse: 29099.098045096565
  CPU_fma: 55209.627829839323
  CPU_avx: 63949.173084226277
  CPU_avx512: 108791.28875371351
  m_CPU_enc_SHA: 13068032431.927275
  m_CPU_enc_AES: 68800790544.981354
  m_CPU_enc_ECDSA: 11639651814.016991
  ME_ALLOC_S: 0
  ME_READ_S: 0
  ME_READ_L: 0
  ME_WRITE: 0
  ME_LARGE: 0
  ME_LATENCY: 0
  ME_THREADED: 0
  SUMM_CPU: 56302.495428573151
  SUMM_ME: 0
SystemInformation:
  OSName: Ubuntu 20.04.3 LTS
  Kernel: 5.4.0-100-generic
  Device: ""
  Processor: Intel(R) Xeon(R) Gold 6238R CPU @ 2.20GHz
  NumSockets: 2
  Manufacturer: GenuineIntel
  NumCores: 56
  NumLogicals: 112
  CPUFrequency: 1000
  Memory: 515658
  MemModuleInfo:
    iNumMemSticks: 0
Checksum: B74EB70CCCDFAEAD351F829EB746EA258076441A