BaselineInfo:
  WebDBID: -1
  TimeStamp: 20220301181640
Version:
  Major: 10
  Minor: 1
  Build: 1005
  SpecialBuildName: ""
  ptArchitecture: x86_64_linux
Results:
  Results Complete: true
  NumTestProcesses: 12
  CPU_INTEGER_MATH: 53517.393100000001
  CPU_FLOATINGPOINT_MATH: 44734.668395458866
  CPU_PRIME: 174193275.92888612
  CPU_SORTING: 35752380.562900186
  CPU_ENCRYPTION: 7229212908.2087154
  CPU_COMPRESSION: 249738981.64451709
  CPU_SINGLETHREAD: 2346.3261664644397
  CPU_PHYSICS: 2733.452271403844
  CPU_MATRIX_MULT_SSE: 19370.273537699308
  CPU_mm: 2487.5678506629092
  CPU_sse: 9008.1173323524035
  CPU_fma: 16133.887783565024
  CPU_avx: 19436.718906361726
  CPU_avx512: 32902.370128518087
  m_CPU_enc_SHA: 3769721273.7180257
  m_CPU_enc_AES: 14594220892.186306
  m_CPU_enc_ECDSA: 3323696558.7218156
  ME_ALLOC_S: 0
  ME_READ_S: 0
  ME_READ_L: 0
  ME_WRITE: 0
  ME_LARGE: 0
  ME_LATENCY: 0
  ME_THREADED: 0
  SUMM_CPU: 19627.397245197491
  SUMM_ME: 0
SystemInformation:
  OSName: Ubuntu 20.04.3 LTS
  Kernel: 5.4.0-100-generic
  Device: ""
  Processor: Intel(R) Xeon(R) Gold 6238R CPU @ 2.20GHz
  NumSockets: 2
  Manufacturer: GenuineIntel
  NumCores: 56
  NumLogicals: 112
  CPUFrequency: 1000
  Memory: 515658
  MemModuleInfo:
    iNumMemSticks: 0
Checksum: D2EA01C2283E008E724E2647A9EFFDE069A76E75