BaselineInfo:
  WebDBID: -1
  TimeStamp: 20220302040605
Version:
  Major: 10
  Minor: 1
  Build: 1005
  SpecialBuildName: ""
  ptArchitecture: x86_64_linux
Results:
  Results Complete: true
  NumTestProcesses: 84
  CPU_INTEGER_MATH: 254185.82200000004
  CPU_FLOATINGPOINT_MATH: 179608.68704946191
  CPU_PRIME: 383045431.37512618
  CPU_SORTING: 137988687.3310312
  CPU_ENCRYPTION: 33199315174.079731
  CPU_COMPRESSION: 1062341847.0125887
  CPU_SINGLETHREAD: 2345.4449591577322
  CPU_PHYSICS: 4377.4990136104734
  CPU_MATRIX_MULT_SSE: 64972.187407193633
  CPU_mm: 8274.0875591304084
  CPU_sse: 29888.968657299098
  CPU_fma: 55533.407909626687
  CPU_avx: 64191.186235783505
  CPU_avx512: 110275.18682606537
  m_CPU_enc_SHA: 12966867406.194675
  m_CPU_enc_AES: 75085361635.398804
  m_CPU_enc_ECDSA: 11545716480.645718
  ME_ALLOC_S: 0
  ME_READ_S: 0
  ME_READ_L: 0
  ME_WRITE: 0
  ME_LARGE: 0
  ME_LATENCY: 0
  ME_THREADED: 0
  SUMM_CPU: 57609.245679249965
  SUMM_ME: 0
SystemInformation:
  OSName: Ubuntu 20.04.3 LTS
  Kernel: 5.4.0-100-generic
  Device: ""
  Processor: Intel(R) Xeon(R) Gold 6238R CPU @ 2.20GHz
  NumSockets: 2
  Manufacturer: GenuineIntel
  NumCores: 56
  NumLogicals: 112
  CPUFrequency: 1000
  Memory: 515658
  MemModuleInfo:
    iNumMemSticks: 0
Checksum: DB7E31A82F152FA0A30D6E8D816519D16FD59F3A