BaselineInfo:
  WebDBID: -1
  TimeStamp: 20220301193534
Version:
  Major: 10
  Minor: 1
  Build: 1005
  SpecialBuildName: ""
  ptArchitecture: x86_64_linux
Results:
  Results Complete: true
  NumTestProcesses: 22
  CPU_INTEGER_MATH: 97170.763299999991
  CPU_FLOATINGPOINT_MATH: 81331.014819808028
  CPU_PRIME: 289875025.42717302
  CPU_SORTING: 64040813.94747822
  CPU_ENCRYPTION: 12970720963.544285
  CPU_COMPRESSION: 451539187.22292644
  CPU_SINGLETHREAD: 2340.8238777150355
  CPU_PHYSICS: 3948.4509791750188
  CPU_MATRIX_MULT_SSE: 33453.035955893371
  CPU_mm: 3947.5980542737852
  CPU_sse: 15588.363714869874
  CPU_fma: 29405.976767786204
  CPU_avx: 35473.824477573515
  CPU_avx512: 53343.978863343917
  m_CPU_enc_SHA: 6906516930.526288
  m_CPU_enc_AES: 25911570501.62468
  m_CPU_enc_ECDSA: 6094075458.4818926
  ME_ALLOC_S: 0
  ME_READ_S: 0
  ME_READ_L: 0
  ME_WRITE: 0
  ME_LARGE: 0
  ME_LATENCY: 0
  ME_THREADED: 0
  SUMM_CPU: 32035.285660051832
  SUMM_ME: 0
SystemInformation:
  OSName: Ubuntu 20.04.3 LTS
  Kernel: 5.4.0-100-generic
  Device: ""
  Processor: Intel(R) Xeon(R) Gold 6238R CPU @ 2.20GHz
  NumSockets: 2
  Manufacturer: GenuineIntel
  NumCores: 56
  NumLogicals: 112
  CPUFrequency: 1000
  Memory: 515658
  MemModuleInfo:
    iNumMemSticks: 0
Checksum: C33B4D3DA781E3D094B069A79DF793A7FDC681D0