BaselineInfo:
  WebDBID: -1
  TimeStamp: 20220302075054
Version:
  Major: 10
  Minor: 1
  Build: 1005
  SpecialBuildName: ""
  ptArchitecture: x86_64_linux
Results:
  Results Complete: true
  NumTestProcesses: 110
  CPU_INTEGER_MATH: 302553.30465000018
  CPU_FLOATINGPOINT_MATH: 189607.61943955591
  CPU_PRIME: 331684701.79147911
  CPU_SORTING: 153792355.52706653
  CPU_ENCRYPTION: 38683379778.304382
  CPU_COMPRESSION: 1205339031.0980177
  CPU_SINGLETHREAD: 2347.1352474809851
  CPU_PHYSICS: 3849.2943907360532
  CPU_MATRIX_MULT_SSE: 67218.781130060845
  CPU_mm: 8090.8893141924846
  CPU_sse: 29744.180752737353
  CPU_fma: 56537.056135285173
  CPU_avx: 64762.996626512686
  CPU_avx512: 117830.89100570805
  m_CPU_enc_SHA: 12527097042.072346
  m_CPU_enc_AES: 92243738789.712708
  m_CPU_enc_ECDSA: 11279303503.128181
  ME_ALLOC_S: 0
  ME_READ_S: 0
  ME_READ_L: 0
  ME_WRITE: 0
  ME_LARGE: 0
  ME_LATENCY: 0
  ME_THREADED: 0
  SUMM_CPU: 60717.422667203806
  SUMM_ME: 0
SystemInformation:
  OSName: Ubuntu 20.04.3 LTS
  Kernel: 5.4.0-100-generic
  Device: ""
  Processor: Intel(R) Xeon(R) Gold 6238R CPU @ 2.20GHz
  NumSockets: 2
  Manufacturer: GenuineIntel
  NumCores: 56
  NumLogicals: 112
  CPUFrequency: 1000
  Memory: 515658
  MemModuleInfo:
    iNumMemSticks: 0
Checksum: 0C5D0E71F6ADC9955810212099BF251EFEA049A4