BaselineInfo:
  WebDBID: -1
  TimeStamp: 20220302023103
Version:
  Major: 10
  Minor: 1
  Build: 1005
  SpecialBuildName: ""
  ptArchitecture: x86_64_linux
Results:
  Results Complete: true
  NumTestProcesses: 73
  CPU_INTEGER_MATH: 232098.94674999994
  CPU_FLOATINGPOINT_MATH: 172248.41317751311
  CPU_PRIME: 391536840.9159801
  CPU_SORTING: 129975044.89597359
  CPU_ENCRYPTION: 30106730352.167755
  CPU_COMPRESSION: 986241845.79803419
  CPU_SINGLETHREAD: 2347.2803148191661
  CPU_PHYSICS: 4534.836394795333
  CPU_MATRIX_MULT_SSE: 63665.144711325891
  CPU_mm: 7264.7393907856913
  CPU_sse: 28035.211868463572
  CPU_fma: 55024.864804766468
  CPU_avx: 63941.319901654126
  CPU_avx512: 107659.18227041933
  m_CPU_enc_SHA: 12968517117.274452
  m_CPU_enc_AES: 65829456721.617111
  m_CPU_enc_ECDSA: 11522217217.61165
  ME_ALLOC_S: 0
  ME_READ_S: 0
  ME_READ_L: 0
  ME_WRITE: 0
  ME_LARGE: 0
  ME_LATENCY: 0
  ME_THREADED: 0
  SUMM_CPU: 55443.588882313852
  SUMM_ME: 0
SystemInformation:
  OSName: Ubuntu 20.04.3 LTS
  Kernel: 5.4.0-100-generic
  Device: ""
  Processor: Intel(R) Xeon(R) Gold 6238R CPU @ 2.20GHz
  NumSockets: 2
  Manufacturer: GenuineIntel
  NumCores: 56
  NumLogicals: 112
  CPUFrequency: 1000
  Memory: 515658
  MemModuleInfo:
    iNumMemSticks: 0
Checksum: 7065A005996B84EA029D5C7563797B0FAA2A2D47