BaselineInfo:
  WebDBID: -1
  TimeStamp: 20220301203844
Version:
  Major: 10
  Minor: 1
  Build: 1005
  SpecialBuildName: ""
  ptArchitecture: x86_64_linux
Results:
  Results Complete: true
  NumTestProcesses: 30
  CPU_INTEGER_MATH: 127826.24515
  CPU_FLOATINGPOINT_MATH: 107064.79552579185
  CPU_PRIME: 340494252.49889112
  CPU_SORTING: 81123302.135682195
  CPU_ENCRYPTION: 16370439758.7029
  CPU_COMPRESSION: 577777723.77518618
  CPU_SINGLETHREAD: 2351.9339064609439
  CPU_PHYSICS: 4455.5331443829382
  CPU_MATRIX_MULT_SSE: 40100.360143894955
  CPU_mm: 4555.5263788279144
  CPU_sse: 18669.333128672755
  CPU_fma: 36455.843918303508
  CPU_avx: 44085.999634033134
  CPU_avx512: 61190.263894570402
  m_CPU_enc_SHA: 9026883627.9401474
  m_CPU_enc_AES: 32139474556.449799
  m_CPU_enc_ECDSA: 7944961091.7187471
  ME_ALLOC_S: 0
  ME_READ_S: 0
  ME_READ_L: 0
  ME_WRITE: 0
  ME_LARGE: 0
  ME_LATENCY: 0
  ME_THREADED: 0
  SUMM_CPU: 38661.723051197288
  SUMM_ME: 0
SystemInformation:
  OSName: Ubuntu 20.04.3 LTS
  Kernel: 5.4.0-100-generic
  Device: ""
  Processor: Intel(R) Xeon(R) Gold 6238R CPU @ 2.20GHz
  NumSockets: 2
  Manufacturer: GenuineIntel
  NumCores: 56
  NumLogicals: 112
  CPUFrequency: 1000
  Memory: 515658
  MemModuleInfo:
    iNumMemSticks: 0
Checksum: 3EB3C1FBE77D5A9F22E8694002B97E3E8A7D4EC8