BaselineInfo:
  WebDBID: -1
  TimeStamp: 20220301200708
Version:
  Major: 10
  Minor: 1
  Build: 1005
  SpecialBuildName: ""
  ptArchitecture: x86_64_linux
Results:
  Results Complete: true
  NumTestProcesses: 26
  CPU_INTEGER_MATH: 112881.36640000001
  CPU_FLOATINGPOINT_MATH: 94752.826006978052
  CPU_PRIME: 317215634.35602939
  CPU_SORTING: 73690644.229264796
  CPU_ENCRYPTION: 14926520898.641872
  CPU_COMPRESSION: 522091866.58899295
  CPU_SINGLETHREAD: 2348.7004641473004
  CPU_PHYSICS: 4223.1038670374728
  CPU_MATRIX_MULT_SSE: 36209.599520671058
  CPU_mm: 4313.5513381650881
  CPU_sse: 17207.017175612356
  CPU_fma: 31979.952675998094
  CPU_avx: 38541.172893442301
  CPU_avx512: 57110.255337631475
  m_CPU_enc_SHA: 8140243080.6168365
  m_CPU_enc_AES: 29460951656.984756
  m_CPU_enc_ECDSA: 7178367958.3240194
  ME_ALLOC_S: 0
  ME_READ_S: 0
  ME_READ_L: 0
  ME_WRITE: 0
  ME_LARGE: 0
  ME_LATENCY: 0
  ME_THREADED: 0
  SUMM_CPU: 35676.471985441138
  SUMM_ME: 0
SystemInformation:
  OSName: Ubuntu 20.04.3 LTS
  Kernel: 5.4.0-100-generic
  Device: ""
  Processor: Intel(R) Xeon(R) Gold 6238R CPU @ 2.20GHz
  NumSockets: 2
  Manufacturer: GenuineIntel
  NumCores: 56
  NumLogicals: 112
  CPUFrequency: 1000
  Memory: 515658
  MemModuleInfo:
    iNumMemSticks: 0
Checksum: C9AA4D4A2D9F2C6433D7695F6824175A1E94AD7B