BaselineInfo:
  WebDBID: -1
  TimeStamp: 20220302012157
Version:
  Major: 10
  Minor: 1
  Build: 1005
  SpecialBuildName: ""
  ptArchitecture: x86_64_linux
Results:
  Results Complete: true
  NumTestProcesses: 65
  CPU_INTEGER_MATH: 215318.3346
  CPU_FLOATINGPOINT_MATH: 162986.49370767511
  CPU_PRIME: 387869458.84377491
  CPU_SORTING: 122286647.66346568
  CPU_ENCRYPTION: 28350057465.216042
  CPU_COMPRESSION: 923519707.29132295
  CPU_SINGLETHREAD: 2342.6944611866215
  CPU_PHYSICS: 4638.6456289481694
  CPU_MATRIX_MULT_SSE: 61514.112223169534
  CPU_mm: 6297.2411712156763
  CPU_sse: 25523.980677083215
  CPU_fma: 53794.330979352409
  CPU_avx: 63690.930365301887
  CPU_avx512: 103047.20687094069
  m_CPU_enc_SHA: 13082827140.147785
  m_CPU_enc_AES: 60170886632.43544
  m_CPU_enc_ECDSA: 11796458623.064882
  ME_ALLOC_S: 0
  ME_READ_S: 0
  ME_READ_L: 0
  ME_WRITE: 0
  ME_LARGE: 0
  ME_LATENCY: 0
  ME_THREADED: 0
  SUMM_CPU: 53471.300689209478
  SUMM_ME: 0
SystemInformation:
  OSName: Ubuntu 20.04.3 LTS
  Kernel: 5.4.0-100-generic
  Device: ""
  Processor: Intel(R) Xeon(R) Gold 6238R CPU @ 2.20GHz
  NumSockets: 2
  Manufacturer: GenuineIntel
  NumCores: 56
  NumLogicals: 112
  CPUFrequency: 1000
  Memory: 515658
  MemModuleInfo:
    iNumMemSticks: 0
Checksum: 6913BF2B5B6EB7547FF56AD30409F8410967B8B6