BaselineInfo:
  WebDBID: -1
  TimeStamp: 20220301190359
Version:
  Major: 10
  Minor: 1
  Build: 1005
  SpecialBuildName: ""
  ptArchitecture: x86_64_linux
Results:
  Results Complete: true
  NumTestProcesses: 18
  CPU_INTEGER_MATH: 80147.693250000011
  CPU_FLOATINGPOINT_MATH: 67085.672425997676
  CPU_PRIME: 251633168.26879346
  CPU_SORTING: 53034366.523564711
  CPU_ENCRYPTION: 10800903174.987778
  CPU_COMPRESSION: 374280534.38201928
  CPU_SINGLETHREAD: 2351.0224645778308
  CPU_PHYSICS: 3524.4782001489716
  CPU_MATRIX_MULT_SSE: 27632.749058709767
  CPU_mm: 3463.573621282314
  CPU_sse: 13245.821515988257
  CPU_fma: 24197.553685894232
  CPU_avx: 29183.830377024005
  CPU_avx512: 43903.790655932586
  m_CPU_enc_SHA: 5650110923.8371649
  m_CPU_enc_AES: 21770209532.677734
  m_CPU_enc_ECDSA: 4982389068.4484272
  ME_ALLOC_S: 0
  ME_READ_S: 0
  ME_READ_L: 0
  ME_WRITE: 0
  ME_LARGE: 0
  ME_LATENCY: 0
  ME_THREADED: 0
  SUMM_CPU: 27529.606200638518
  SUMM_ME: 0
SystemInformation:
  OSName: Ubuntu 20.04.3 LTS
  Kernel: 5.4.0-100-generic
  Device: ""
  Processor: Intel(R) Xeon(R) Gold 6238R CPU @ 2.20GHz
  NumSockets: 2
  Manufacturer: GenuineIntel
  NumCores: 56
  NumLogicals: 112
  CPUFrequency: 1000
  Memory: 515658
  MemModuleInfo:
    iNumMemSticks: 0
Checksum: D1C8A5CC9215C72C0BC038E7B917B9793C328976