BaselineInfo:
  WebDBID: -1
  TimeStamp: 20220302043200
Version:
  Major: 10
  Minor: 1
  Build: 1005
  SpecialBuildName: ""
  ptArchitecture: x86_64_linux
Results:
  Results Complete: true
  NumTestProcesses: 87
  CPU_INTEGER_MATH: 259877.03289999993
  CPU_FLOATINGPOINT_MATH: 180935.80559365929
  CPU_PRIME: 380976101.77546239
  CPU_SORTING: 140500707.77154964
  CPU_ENCRYPTION: 34592800012.606384
  CPU_COMPRESSION: 1079158151.8183689
  CPU_SINGLETHREAD: 2350.881819783941
  CPU_PHYSICS: 4345.2334942498037
  CPU_MATRIX_MULT_SSE: 65487.433190654789
  CPU_mm: 8322.927137112436
  CPU_sse: 29848.507580290501
  CPU_fma: 55716.695208713056
  CPU_avx: 64351.26664860118
  CPU_avx512: 112033.26332501434
  m_CPU_enc_SHA: 12898671189.009401
  m_CPU_enc_AES: 79372387261.254974
  m_CPU_enc_ECDSA: 11507341587.55476
  ME_ALLOC_S: 0
  ME_READ_S: 0
  ME_READ_L: 0
  ME_WRITE: 0
  ME_LARGE: 0
  ME_LATENCY: 0
  ME_THREADED: 0
  SUMM_CPU: 58323.608021590968
  SUMM_ME: 0
SystemInformation:
  OSName: Ubuntu 20.04.3 LTS
  Kernel: 5.4.0-100-generic
  Device: ""
  Processor: Intel(R) Xeon(R) Gold 6238R CPU @ 2.20GHz
  NumSockets: 2
  Manufacturer: GenuineIntel
  NumCores: 56
  NumLogicals: 112
  CPUFrequency: 1000
  Memory: 515658
  MemModuleInfo:
    iNumMemSticks: 0
Checksum: 8576D0F7DEFD93AB323B3C47A334B28E2753E536