BaselineInfo:
  WebDBID: -1
  TimeStamp: 20220302000417
Version:
  Major: 10
  Minor: 1
  Build: 1005
  SpecialBuildName: ""
  ptArchitecture: x86_64_linux
Results:
  Results Complete: true
  NumTestProcesses: 56
  CPU_INTEGER_MATH: 193910.46429999999
  CPU_FLOATINGPOINT_MATH: 145524.06461449835
  CPU_PRIME: 372313235.47875369
  CPU_SORTING: 110715537.5800918
  CPU_ENCRYPTION: 24785949832.179989
  CPU_COMPRESSION: 823479135.50844622
  CPU_SINGLETHREAD: 2345.1431160866355
  CPU_PHYSICS: 4447.4961006782196
  CPU_MATRIX_MULT_SSE: 57431.577676799585
  CPU_mm: 4698.1022367098503
  CPU_sse: 21102.708113676119
  CPU_fma: 47206.607123598653
  CPU_avx: 61894.967843316408
  CPU_avx512: 99522.027626607145
  m_CPU_enc_SHA: 11753024952.926956
  m_CPU_enc_AES: 50856401409.155884
  m_CPU_enc_ECDSA: 11748423134.457127
  ME_ALLOC_S: 0
  ME_READ_S: 0
  ME_READ_L: 0
  ME_WRITE: 0
  ME_LARGE: 0
  ME_LATENCY: 0
  ME_THREADED: 0
  SUMM_CPU: 49784.206945042919
  SUMM_ME: 0
SystemInformation:
  OSName: Ubuntu 20.04.3 LTS
  Kernel: 5.4.0-100-generic
  Device: ""
  Processor: Intel(R) Xeon(R) Gold 6238R CPU @ 2.20GHz
  NumSockets: 2
  Manufacturer: GenuineIntel
  NumCores: 56
  NumLogicals: 112
  CPUFrequency: 1000
  Memory: 515658
  MemModuleInfo:
    iNumMemSticks: 0
Checksum: 55B5DF6176C880DA31FB3671F9304988476DB195