BaselineInfo:
  WebDBID: -1
  TimeStamp: 20220301191152
Version:
  Major: 10
  Minor: 1
  Build: 1005
  SpecialBuildName: ""
  ptArchitecture: x86_64_linux
Results:
  Results Complete: true
  NumTestProcesses: 19
  CPU_INTEGER_MATH: 84428.411049999995
  CPU_FLOATINGPOINT_MATH: 70616.497254828195
  CPU_PRIME: 259652883.36269331
  CPU_SORTING: 55855422.056217425
  CPU_ENCRYPTION: 11375057451.22842
  CPU_COMPRESSION: 394246377.92354584
  CPU_SINGLETHREAD: 2339.8608653215624
  CPU_PHYSICS: 3636.0525560435331
  CPU_MATRIX_MULT_SSE: 29110.985172726952
  CPU_mm: 3550.3359772183767
  CPU_sse: 13874.05626542121
  CPU_fma: 25487.001033806595
  CPU_avx: 30751.630692736901
  CPU_avx512: 46331.252698943099
  m_CPU_enc_SHA: 5963025648.9286003
  m_CPU_enc_AES: 22897769249.619419
  m_CPU_enc_ECDSA: 5264377455.1372299
  ME_ALLOC_S: 0
  ME_READ_S: 0
  ME_READ_L: 0
  ME_WRITE: 0
  ME_LARGE: 0
  ME_LATENCY: 0
  ME_THREADED: 0
  SUMM_CPU: 28693.714635830609
  SUMM_ME: 0
SystemInformation:
  OSName: Ubuntu 20.04.3 LTS
  Kernel: 5.4.0-100-generic
  Device: ""
  Processor: Intel(R) Xeon(R) Gold 6238R CPU @ 2.20GHz
  NumSockets: 2
  Manufacturer: GenuineIntel
  NumCores: 56
  NumLogicals: 112
  CPUFrequency: 1000
  Memory: 515658
  MemModuleInfo:
    iNumMemSticks: 0
Checksum: B888E4B841A229403309154B181340118181FCEF