BaselineInfo:
  WebDBID: -1
  TimeStamp: 20220302001254
Version:
  Major: 10
  Minor: 1
  Build: 1005
  SpecialBuildName: ""
  ptArchitecture: x86_64_linux
Results:
  Results Complete: true
  NumTestProcesses: 57
  CPU_INTEGER_MATH: 192891.84505
  CPU_FLOATINGPOINT_MATH: 149364.11049344655
  CPU_PRIME: 372419749.7546221
  CPU_SORTING: 112721934.85591674
  CPU_ENCRYPTION: 25109729379.129532
  CPU_COMPRESSION: 834487867.31987917
  CPU_SINGLETHREAD: 2344.4704611655038
  CPU_PHYSICS: 4642.8542613737982
  CPU_MATRIX_MULT_SSE: 57873.842862977988
  CPU_mm: 4890.8313935564811
  CPU_sse: 21767.860142237594
  CPU_fma: 47628.982518340199
  CPU_avx: 62099.399731486264
  CPU_avx512: 99999.129059847881
  m_CPU_enc_SHA: 11986004381.404245
  m_CPU_enc_AES: 51618254616.989601
  m_CPU_enc_ECDSA: 11724929138.99473
  ME_ALLOC_S: 0
  ME_READ_S: 0
  ME_READ_L: 0
  ME_WRITE: 0
  ME_LARGE: 0
  ME_LATENCY: 0
  ME_THREADED: 0
  SUMM_CPU: 50231.068119667441
  SUMM_ME: 0
SystemInformation:
  OSName: Ubuntu 20.04.3 LTS
  Kernel: 5.4.0-100-generic
  Device: ""
  Processor: Intel(R) Xeon(R) Gold 6238R CPU @ 2.20GHz
  NumSockets: 2
  Manufacturer: GenuineIntel
  NumCores: 56
  NumLogicals: 112
  CPUFrequency: 2520
  Memory: 515658
  MemModuleInfo:
    iNumMemSticks: 0
Checksum: A0B3D85694F163F6C631BCAE2BA8F4D4BC70E94D