BaselineInfo:
  WebDBID: -1
  TimeStamp: 20220302045756
Version:
  Major: 10
  Minor: 1
  Build: 1005
  SpecialBuildName: ""
  ptArchitecture: x86_64_linux
Results:
  Results Complete: true
  NumTestProcesses: 90
  CPU_INTEGER_MATH: 265432.97459999996
  CPU_FLOATINGPOINT_MATH: 182061.54208981275
  CPU_PRIME: 371656754.26845151
  CPU_SORTING: 140923258.30644459
  CPU_ENCRYPTION: 35266559283.475342
  CPU_COMPRESSION: 1097101432.936635
  CPU_SINGLETHREAD: 2342.9251723907837
  CPU_PHYSICS: 4314.0561787770248
  CPU_MATRIX_MULT_SSE: 65500.968279641515
  CPU_mm: 8164.0111273777347
  CPU_sse: 29851.619281402367
  CPU_fma: 55639.452478666208
  CPU_avx: 64269.71099582324
  CPU_avx512: 112243.09036267427
  m_CPU_enc_SHA: 12842835819.265224
  m_CPU_enc_AES: 81469657552.187805
  m_CPU_enc_ECDSA: 11487184478.973013
  ME_ALLOC_S: 0
  ME_READ_S: 0
  ME_READ_L: 0
  ME_WRITE: 0
  ME_LARGE: 0
  ME_LATENCY: 0
  ME_THREADED: 0
  SUMM_CPU: 58604.317550511834
  SUMM_ME: 0
SystemInformation:
  OSName: Ubuntu 20.04.3 LTS
  Kernel: 5.4.0-100-generic
  Device: ""
  Processor: Intel(R) Xeon(R) Gold 6238R CPU @ 2.20GHz
  NumSockets: 2
  Manufacturer: GenuineIntel
  NumCores: 56
  NumLogicals: 112
  CPUFrequency: 1000
  Memory: 515658
  MemModuleInfo:
    iNumMemSticks: 0
Checksum: C2EC2CFA42012AC1196E079D34520BF05FC38920