BaselineInfo:
  WebDBID: -1
  TimeStamp: 20220301223716
Version:
  Major: 10
  Minor: 1
  Build: 1005
  SpecialBuildName: ""
  ptArchitecture: x86_64_linux
Results:
  Results Complete: true
  NumTestProcesses: 45
  CPU_INTEGER_MATH: 163033.74289999998
  CPU_FLOATINGPOINT_MATH: 132177.32799380127
  CPU_PRIME: 364245458.10675079
  CPU_SORTING: 100439774.81816325
  CPU_ENCRYPTION: 21608380168.68132
  CPU_COMPRESSION: 727023395.64982176
  CPU_SINGLETHREAD: 2348.1238325654049
  CPU_PHYSICS: 4757.8395984871768
  CPU_MATRIX_MULT_SSE: 51514.677526767126
  CPU_mm: 4684.7736130131671
  CPU_sse: 20879.450142911301
  CPU_fma: 45736.265656869036
  CPU_avx: 55619.346604633625
  CPU_avx512: 83823.647702654489
  m_CPU_enc_SHA: 11368064137.207184
  m_CPU_enc_AES: 43262744121.836899
  m_CPU_enc_ECDSA: 10194332246.999847
  ME_ALLOC_S: 0
  ME_READ_S: 0
  ME_READ_L: 0
  ME_WRITE: 0
  ME_LARGE: 0
  ME_LATENCY: 0
  ME_THREADED: 0
  SUMM_CPU: 45907.975978689239
  SUMM_ME: 0
SystemInformation:
  OSName: Ubuntu 20.04.3 LTS
  Kernel: 5.4.0-100-generic
  Device: ""
  Processor: Intel(R) Xeon(R) Gold 6238R CPU @ 2.20GHz
  NumSockets: 2
  Manufacturer: GenuineIntel
  NumCores: 56
  NumLogicals: 112
  CPUFrequency: 1000
  Memory: 515658
  MemModuleInfo:
    iNumMemSticks: 0
Checksum: A2E3124BC3BFF243552A4156FA8C4C4EA44307DB