BaselineInfo:
  WebDBID: -1
  TimeStamp: 20220302033131
Version:
  Major: 10
  Minor: 1
  Build: 1005
  SpecialBuildName: ""
  ptArchitecture: x86_64_linux
Results:
  Results Complete: true
  NumTestProcesses: 80
  CPU_INTEGER_MATH: 246566.04875000002
  CPU_FLOATINGPOINT_MATH: 177571.89103253838
  CPU_PRIME: 386121789.11684549
  CPU_SORTING: 135746608.00761718
  CPU_ENCRYPTION: 32441567365.726852
  CPU_COMPRESSION: 1038433182.8007131
  CPU_SINGLETHREAD: 2346.2515087566853
  CPU_PHYSICS: 4433.9325127642232
  CPU_MATRIX_MULT_SSE: 64673.2388412008
  CPU_mm: 8059.082745663809
  CPU_sse: 29891.508771744993
  CPU_fma: 55421.318438388618
  CPU_avx: 64198.036763345372
  CPU_avx512: 109182.09139132423
  m_CPU_enc_SHA: 13028738517.738529
  m_CPU_enc_AES: 72704054340.041153
  m_CPU_enc_ECDSA: 11591909239.400888
  ME_ALLOC_S: 0
  ME_READ_S: 0
  ME_READ_L: 0
  ME_WRITE: 0
  ME_LARGE: 0
  ME_LATENCY: 0
  ME_THREADED: 0
  SUMM_CPU: 57020.156238298834
  SUMM_ME: 0
SystemInformation:
  OSName: Ubuntu 20.04.3 LTS
  Kernel: 5.4.0-100-generic
  Device: ""
  Processor: Intel(R) Xeon(R) Gold 6238R CPU @ 2.20GHz
  NumSockets: 2
  Manufacturer: GenuineIntel
  NumCores: 56
  NumLogicals: 112
  CPUFrequency: 1000
  Memory: 515658
  MemModuleInfo:
    iNumMemSticks: 0
Checksum: A18C9768B86CD1FEDDC859743BFAF23CEF752953