BaselineInfo:
  WebDBID: -1
  TimeStamp: 20220301213402
Version:
  Major: 10
  Minor: 1
  Build: 1005
  SpecialBuildName: ""
  ptArchitecture: x86_64_linux
Results:
  Results Complete: true
  NumTestProcesses: 37
  CPU_INTEGER_MATH: 145320.47829999999
  CPU_FLOATINGPOINT_MATH: 120212.12513287518
  CPU_PRIME: 355143379.90817165
  CPU_SORTING: 92264129.549163267
  CPU_ENCRYPTION: 19109157300.126007
  CPU_COMPRESSION: 655778411.87587214
  CPU_SINGLETHREAD: 2343.1921115196219
  CPU_PHYSICS: 4564.4243330936015
  CPU_MATRIX_MULT_SSE: 45617.139561291973
  CPU_mm: 4580.1118856221747
  CPU_sse: 20155.957010084756
  CPU_fma: 40973.057755923342
  CPU_avx: 49214.166877418582
  CPU_avx512: 72125.376601741154
  m_CPU_enc_SHA: 10382471917.177462
  m_CPU_enc_AES: 37795772961.366615
  m_CPU_enc_ECDSA: 9149227021.8339672
  ME_ALLOC_S: 0
  ME_READ_S: 0
  ME_READ_L: 0
  ME_WRITE: 0
  ME_LARGE: 0
  ME_LATENCY: 0
  ME_THREADED: 0
  SUMM_CPU: 42506.411146289429
  SUMM_ME: 0
SystemInformation:
  OSName: Ubuntu 20.04.3 LTS
  Kernel: 5.4.0-100-generic
  Device: ""
  Processor: Intel(R) Xeon(R) Gold 6238R CPU @ 2.20GHz
  NumSockets: 2
  Manufacturer: GenuineIntel
  NumCores: 56
  NumLogicals: 112
  CPUFrequency: 1000
  Memory: 515658
  MemModuleInfo:
    iNumMemSticks: 0
Checksum: 010B21E4C82AD679304F007E14F85BC45191FB0D