BaselineInfo:
  WebDBID: -1
  TimeStamp: 20220301164953
Version:
  Major: 10
  Minor: 1
  Build: 1005
  SpecialBuildName: ""
  ptArchitecture: x86_64_linux
Results:
  Results Complete: true
  NumTestProcesses: 1
  CPU_INTEGER_MATH: 4805.2054500000004
  CPU_FLOATINGPOINT_MATH: 4018.5782292031508
  CPU_PRIME: 15511753.077301964
  CPU_SORTING: 3237833.5894552665
  CPU_ENCRYPTION: 648558373.68582606
  CPU_COMPRESSION: 22354935.101763822
  CPU_SINGLETHREAD: 2345.1230861547128
  CPU_PHYSICS: 259.76171758732767
  CPU_MATRIX_MULT_SSE: 1681.5219882343572
  CPU_mm: 221.76907839402199
  CPU_sse: 816.41081563180319
  CPU_fma: 1450.8793613738976
  CPU_avx: 1752.8249870687894
  CPU_avx512: 2705.9727888629386
  m_CPU_enc_SHA: 339190874.76707691
  m_CPU_enc_AES: 1307999453.5948787
  m_CPU_enc_ECDSA: 298484792.69552255
  ME_ALLOC_S: 0
  ME_READ_S: 0
  ME_READ_L: 0
  ME_WRITE: 0
  ME_LARGE: 0
  ME_LATENCY: 0
  ME_THREADED: 0
  SUMM_CPU: 1964.3274809794621
  SUMM_ME: 0
SystemInformation:
  OSName: Ubuntu 20.04.3 LTS
  Kernel: 5.4.0-100-generic
  Device: ""
  Processor: Intel(R) Xeon(R) Gold 6238R CPU @ 2.20GHz
  NumSockets: 2
  Manufacturer: GenuineIntel
  NumCores: 56
  NumLogicals: 112
  CPUFrequency: 1828
  Memory: 515658
  MemModuleInfo:
    iNumMemSticks: 0
Checksum: 271A38DBCEC1146147D510FA62A6CC2975E73C1B