BaselineInfo:
  WebDBID: -1
  TimeStamp: 20220301173714
Version:
  Major: 10
  Minor: 1
  Build: 1005
  SpecialBuildName: ""
  ptArchitecture: x86_64_linux
Results:
  Results Complete: true
  NumTestProcesses: 7
  CPU_INTEGER_MATH: 31742.552199999998
  CPU_FLOATINGPOINT_MATH: 26535.334930460689
  CPU_PRIME: 103383131.24618724
  CPU_SORTING: 21315687.809883446
  CPU_ENCRYPTION: 4286327442.4453773
  CPU_COMPRESSION: 148297778.99114057
  CPU_SINGLETHREAD: 2345.4060343980391
  CPU_PHYSICS: 1694.4613758323333
  CPU_MATRIX_MULT_SSE: 11519.743554759727
  CPU_mm: 1309.255390265801
  CPU_sse: 5337.2155698120359
  CPU_fma: 9577.7641056897955
  CPU_avx: 11544.375388426326
  CPU_avx512: 19619.619155110751
  m_CPU_enc_SHA: 2236117652.5147095
  m_CPU_enc_AES: 8650454499.1655769
  m_CPU_enc_ECDSA: 1972410175.6558456
  ME_ALLOC_S: 0
  ME_READ_S: 0
  ME_READ_L: 0
  ME_WRITE: 0
  ME_LARGE: 0
  ME_LATENCY: 0
  ME_THREADED: 0
  SUMM_CPU: 12237.345059203835
  SUMM_ME: 0
SystemInformation:
  OSName: Ubuntu 20.04.3 LTS
  Kernel: 5.4.0-100-generic
  Device: ""
  Processor: Intel(R) Xeon(R) Gold 6238R CPU @ 2.20GHz
  NumSockets: 2
  Manufacturer: GenuineIntel
  NumCores: 56
  NumLogicals: 112
  CPUFrequency: 1000
  Memory: 515658
  MemModuleInfo:
    iNumMemSticks: 0
Checksum: B2781F4CB2846D388F77128718EFB99585B7ADF6