BaselineInfo:
  WebDBID: -1
  TimeStamp: 20220301210226
Version:
  Major: 10
  Minor: 1
  Build: 1005
  SpecialBuildName: ""
  ptArchitecture: x86_64_linux
Results:
  Results Complete: true
  NumTestProcesses: 33
  CPU_INTEGER_MATH: 135023.34474999999
  CPU_FLOATINGPOINT_MATH: 113366.47975550574
  CPU_PRIME: 352028896.67530209
  CPU_SORTING: 85574548.125443771
  CPU_ENCRYPTION: 17521549274.115623
  CPU_COMPRESSION: 611881522.8937912
  CPU_SINGLETHREAD: 2343.3627668575223
  CPU_PHYSICS: 4563.8790917250099
  CPU_MATRIX_MULT_SSE: 42623.677004325393
  CPU_mm: 4673.9220816326033
  CPU_sse: 19669.855562692868
  CPU_fma: 38019.80437856551
  CPU_avx: 45227.193046830253
  CPU_avx512: 67577.855029213024
  m_CPU_enc_SHA: 9635213569.0316696
  m_CPU_enc_AES: 34434420764.791412
  m_CPU_enc_ECDSA: 8495013488.5237751
  ME_ALLOC_S: 0
  ME_READ_S: 0
  ME_READ_L: 0
  ME_WRITE: 0
  ME_LARGE: 0
  ME_LATENCY: 0
  ME_THREADED: 0
  SUMM_CPU: 40366.863550299378
  SUMM_ME: 0
SystemInformation:
  OSName: Ubuntu 20.04.3 LTS
  Kernel: 5.4.0-100-generic
  Device: ""
  Processor: Intel(R) Xeon(R) Gold 6238R CPU @ 2.20GHz
  NumSockets: 2
  Manufacturer: GenuineIntel
  NumCores: 56
  NumLogicals: 112
  CPUFrequency: 1920
  Memory: 515658
  MemModuleInfo:
    iNumMemSticks: 0
Checksum: 820E3C764A979CD2370F5EA59E9D592646D1AB20