BaselineInfo:
  WebDBID: -1
  TimeStamp: 20220301202256
Version:
  Major: 10
  Minor: 1
  Build: 1005
  SpecialBuildName: ""
  ptArchitecture: x86_64_linux
Results:
  Results Complete: true
  NumTestProcesses: 28
  CPU_INTEGER_MATH: 120341.29735000001
  CPU_FLOATINGPOINT_MATH: 101007.49028514265
  CPU_PRIME: 329225609.21844018
  CPU_SORTING: 78201920.263750136
  CPU_ENCRYPTION: 15695760887.362457
  CPU_COMPRESSION: 552965505.60764623
  CPU_SINGLETHREAD: 2346.5010472431136
  CPU_PHYSICS: 4360.3911353118383
  CPU_MATRIX_MULT_SSE: 38838.306215164223
  CPU_mm: 4468.4399302500151
  CPU_sse: 17967.683835888784
  CPU_fma: 34398.009128629848
  CPU_avx: 41500.320378066477
  CPU_avx512: 61487.211518071716
  m_CPU_enc_SHA: 8663878290.383585
  m_CPU_enc_AES: 30813237798.892494
  m_CPU_enc_ECDSA: 7610166572.8112936
  ME_ALLOC_S: 0
  ME_READ_S: 0
  ME_READ_L: 0
  ME_WRITE: 0
  ME_LARGE: 0
  ME_LATENCY: 0
  ME_THREADED: 0
  SUMM_CPU: 37320.69532595222
  SUMM_ME: 0
SystemInformation:
  OSName: Ubuntu 20.04.3 LTS
  Kernel: 5.4.0-100-generic
  Device: ""
  Processor: Intel(R) Xeon(R) Gold 6238R CPU @ 2.20GHz
  NumSockets: 2
  Manufacturer: GenuineIntel
  NumCores: 56
  NumLogicals: 112
  CPUFrequency: 1000
  Memory: 515658
  MemModuleInfo:
    iNumMemSticks: 0
Checksum: 03FA2474CD884B761682FAE285766EA0DA6019B4