BaselineInfo:
  WebDBID: -1
  TimeStamp: 20220302052352
Version:
  Major: 10
  Minor: 1
  Build: 1005
  SpecialBuildName: ""
  ptArchitecture: x86_64_linux
Results:
  Results Complete: true
  NumTestProcesses: 93
  CPU_INTEGER_MATH: 271024.07905000006
  CPU_FLOATINGPOINT_MATH: 183203.34888303326
  CPU_PRIME: 364162061.21188086
  CPU_SORTING: 142911815.38359827
  CPU_ENCRYPTION: 35861067327.267319
  CPU_COMPRESSION: 1111411485.0130649
  CPU_SINGLETHREAD: 2354.445276360776
  CPU_PHYSICS: 4218.254521438359
  CPU_MATRIX_MULT_SSE: 66038.862676672885
  CPU_mm: 8369.5308916135691
  CPU_sse: 29950.375100522564
  CPU_fma: 55929.128034902395
  CPU_avx: 64447.956644086538
  CPU_avx512: 113827.99092718012
  m_CPU_enc_SHA: 12794627763.225977
  m_CPU_enc_AES: 83340016067.373886
  m_CPU_enc_ECDSA: 11448558151.202013
  ME_ALLOC_S: 0
  ME_READ_S: 0
  ME_READ_L: 0
  ME_WRITE: 0
  ME_LARGE: 0
  ME_LATENCY: 0
  ME_THREADED: 0
  SUMM_CPU: 59049.961376970547
  SUMM_ME: 0
SystemInformation:
  OSName: Ubuntu 20.04.3 LTS
  Kernel: 5.4.0-100-generic
  Device: ""
  Processor: Intel(R) Xeon(R) Gold 6238R CPU @ 2.20GHz
  NumSockets: 2
  Manufacturer: GenuineIntel
  NumCores: 56
  NumLogicals: 112
  CPUFrequency: 1000
  Memory: 515658
  MemModuleInfo:
    iNumMemSticks: 0
Checksum: 99851EA18630D7D92828A4251C11F5B5F67C4ABC