BaselineInfo:
  WebDBID: -1
  TimeStamp: 20220302024819
Version:
  Major: 10
  Minor: 1
  Build: 1005
  SpecialBuildName: ""
  ptArchitecture: x86_64_linux
Results:
  Results Complete: true
  NumTestProcesses: 75
  CPU_INTEGER_MATH: 236037.77469999995
  CPU_FLOATINGPOINT_MATH: 173921.53248037351
  CPU_PRIME: 392976294.72108126
  CPU_SORTING: 131728945.65979388
  CPU_ENCRYPTION: 30539587621.454216
  CPU_COMPRESSION: 998718033.5228442
  CPU_SINGLETHREAD: 2345.712079580283
  CPU_PHYSICS: 4514.3769498284964
  CPU_MATRIX_MULT_SSE: 63737.82265280337
  CPU_mm: 7459.935964377868
  CPU_sse: 28813.188556664256
  CPU_fma: 55232.670435426691
  CPU_avx: 63691.385304375261
  CPU_avx512: 107214.04631474726
  m_CPU_enc_SHA: 12943384590.943186
  m_CPU_enc_AES: 67175776397.168701
  m_CPU_enc_ECDSA: 11499601876.250786
  ME_ALLOC_S: 0
  ME_READ_S: 0
  ME_READ_L: 0
  ME_WRITE: 0
  ME_LARGE: 0
  ME_LATENCY: 0
  ME_THREADED: 0
  SUMM_CPU: 55823.87014583635
  SUMM_ME: 0
SystemInformation:
  OSName: Ubuntu 20.04.3 LTS
  Kernel: 5.4.0-100-generic
  Device: ""
  Processor: Intel(R) Xeon(R) Gold 6238R CPU @ 2.20GHz
  NumSockets: 2
  Manufacturer: GenuineIntel
  NumCores: 56
  NumLogicals: 112
  CPUFrequency: 1000
  Memory: 515658
  MemModuleInfo:
    iNumMemSticks: 0
Checksum: 788011DFABE297353F4C20288230EDA6679A4347