BaselineInfo:
  WebDBID: -1
  TimeStamp: 20220302063302
Version:
  Major: 10
  Minor: 1
  Build: 1005
  SpecialBuildName: ""
  ptArchitecture: x86_64_linux
Results:
  Results Complete: true
  NumTestProcesses: 101
  CPU_INTEGER_MATH: 285969.86660000001
  CPU_FLOATINGPOINT_MATH: 186219.88698147915
  CPU_PRIME: 349842218.04662091
  CPU_SORTING: 147602032.61302638
  CPU_ENCRYPTION: 37364251094.533432
  CPU_COMPRESSION: 1150374972.2687187
  CPU_SINGLETHREAD: 2345.669934535279
  CPU_PHYSICS: 4099.7443898082784
  CPU_MATRIX_MULT_SSE: 66528.74861519353
  CPU_mm: 8167.2449133921355
  CPU_sse: 29867.78625734751
  CPU_fma: 56199.002224626049
  CPU_avx: 64582.63491726981
  CPU_avx512: 115465.57106153065
  m_CPU_enc_SHA: 12670368077.766544
  m_CPU_enc_AES: 88039866538.61348
  m_CPU_enc_ECDSA: 11382518667.220284
  ME_ALLOC_S: 0
  ME_READ_S: 0
  ME_READ_L: 0
  ME_WRITE: 0
  ME_LARGE: 0
  ME_LATENCY: 0
  ME_THREADED: 0
  SUMM_CPU: 59878.621648014363
  SUMM_ME: 0
SystemInformation:
  OSName: Ubuntu 20.04.3 LTS
  Kernel: 5.4.0-100-generic
  Device: ""
  Processor: Intel(R) Xeon(R) Gold 6238R CPU @ 2.20GHz
  NumSockets: 2
  Manufacturer: GenuineIntel
  NumCores: 56
  NumLogicals: 112
  CPUFrequency: 1000
  Memory: 515658
  MemModuleInfo:
    iNumMemSticks: 0
Checksum: 86FB865BBFDB2482057A7AD6AE8FBBA31C886354