BaselineInfo:
  WebDBID: -1
  TimeStamp: 20220302080813
Version:
  Major: 10
  Minor: 1
  Build: 1005
  SpecialBuildName: ""
  ptArchitecture: x86_64_linux
Results:
  Results Complete: true
  NumTestProcesses: 112
  CPU_INTEGER_MATH: 305967.36095000012
  CPU_FLOATINGPOINT_MATH: 190353.13461516204
  CPU_PRIME: 325782398.9557035
  CPU_SORTING: 152246975.50085062
  CPU_ENCRYPTION: 39299499144.973969
  CPU_COMPRESSION: 1214237718.5320582
  CPU_SINGLETHREAD: 2347.1177059009533
  CPU_PHYSICS: 3803.3254467484894
  CPU_MATRIX_MULT_SSE: 67534.337997397146
  CPU_mm: 8154.5384899317505
  CPU_sse: 29869.534534722083
  CPU_fma: 56593.470421459751
  CPU_avx: 64728.614016637432
  CPU_avx512: 118945.73301676926
  m_CPU_enc_SHA: 12513567752.521513
  m_CPU_enc_AES: 94102042552.90152
  m_CPU_enc_ECDSA: 11282887129.498924
  ME_ALLOC_S: 0
  ME_READ_S: 0
  ME_READ_L: 0
  ME_WRITE: 0
  ME_LARGE: 0
  ME_LATENCY: 0
  ME_THREADED: 0
  SUMM_CPU: 60853.91065052773
  SUMM_ME: 0
SystemInformation:
  OSName: Ubuntu 20.04.3 LTS
  Kernel: 5.4.0-100-generic
  Device: ""
  Processor: Intel(R) Xeon(R) Gold 6238R CPU @ 2.20GHz
  NumSockets: 2
  Manufacturer: GenuineIntel
  NumCores: 56
  NumLogicals: 112
  CPUFrequency: 2450
  Memory: 515658
  MemModuleInfo:
    iNumMemSticks: 0
Checksum: CA53EB9FF822245EED01CF744A2D3E9458A44A55