BaselineInfo:
  WebDBID: -1
  TimeStamp: 20220302015630
Version:
  Major: 10
  Minor: 1
  Build: 1005
  SpecialBuildName: ""
  ptArchitecture: x86_64_linux
Results:
  Results Complete: true
  NumTestProcesses: 69
  CPU_INTEGER_MATH: 224320.05184999999
  CPU_FLOATINGPOINT_MATH: 167960.2120158397
  CPU_PRIME: 394675016.14086735
  CPU_SORTING: 127043017.49532226
  CPU_ENCRYPTION: 29260235658.215988
  CPU_COMPRESSION: 955929528.39993691
  CPU_SINGLETHREAD: 2352.1023417838678
  CPU_PHYSICS: 4657.9645174773386
  CPU_MATRIX_MULT_SSE: 62620.048551075517
  CPU_mm: 6865.6399570826161
  CPU_sse: 27211.41160587384
  CPU_fma: 54534.543457003871
  CPU_avx: 63885.350099285424
  CPU_avx512: 104848.88904213891
  m_CPU_enc_SHA: 13151252161.820318
  m_CPU_enc_AES: 62916563806.970451
  m_CPU_enc_ECDSA: 11712891005.857199
  ME_ALLOC_S: 0
  ME_READ_S: 0
  ME_READ_L: 0
  ME_WRITE: 0
  ME_LARGE: 0
  ME_LATENCY: 0
  ME_THREADED: 0
  SUMM_CPU: 54655.014821659985
  SUMM_ME: 0
SystemInformation:
  OSName: Ubuntu 20.04.3 LTS
  Kernel: 5.4.0-100-generic
  Device: ""
  Processor: Intel(R) Xeon(R) Gold 6238R CPU @ 2.20GHz
  NumSockets: 2
  Manufacturer: GenuineIntel
  NumCores: 56
  NumLogicals: 112
  CPUFrequency: 1000
  Memory: 515658
  MemModuleInfo:
    iNumMemSticks: 0
Checksum: FE6F102B97DF63F0BDBD0351C0983E5AFEBFC9F8