BaselineInfo:
  WebDBID: -1
  TimeStamp: 20220301205432
Version:
  Major: 10
  Minor: 1
  Build: 1005
  SpecialBuildName: ""
  ptArchitecture: x86_64_linux
Results:
  Results Complete: true
  NumTestProcesses: 32
  CPU_INTEGER_MATH: 134350.21860000002
  CPU_FLOATINGPOINT_MATH: 111633.96016352385
  CPU_PRIME: 346829976.1516757
  CPU_SORTING: 84285810.004875645
  CPU_ENCRYPTION: 17214109453.585842
  CPU_COMPRESSION: 602282808.05180848
  CPU_SINGLETHREAD: 2348.4427673492769
  CPU_PHYSICS: 4480.6569874211636
  CPU_MATRIX_MULT_SSE: 42638.452564622406
  CPU_mm: 4565.9687588005327
  CPU_sse: 19238.243624195195
  CPU_fma: 38014.376278852615
  CPU_avx: 44744.608093202696
  CPU_avx512: 68556.582262239113
  m_CPU_enc_SHA: 9456764772.8431511
  m_CPU_enc_AES: 33868174787.655567
  m_CPU_enc_ECDSA: 8317388800.2588015
  ME_ALLOC_S: 0
  ME_READ_S: 0
  ME_READ_L: 0
  ME_WRITE: 0
  ME_LARGE: 0
  ME_LATENCY: 0
  ME_THREADED: 0
  SUMM_CPU: 40001.045323124992
  SUMM_ME: 0
SystemInformation:
  OSName: Ubuntu 20.04.3 LTS
  Kernel: 5.4.0-100-generic
  Device: ""
  Processor: Intel(R) Xeon(R) Gold 6238R CPU @ 2.20GHz
  NumSockets: 2
  Manufacturer: GenuineIntel
  NumCores: 56
  NumLogicals: 112
  CPUFrequency: 1000
  Memory: 515658
  MemModuleInfo:
    iNumMemSticks: 0
Checksum: 79AD3794D2ABA60F66B9E45AAEF12B26B794069C