BaselineInfo:
  WebDBID: -1
  TimeStamp: 20220302065020
Version:
  Major: 10
  Minor: 1
  Build: 1005
  SpecialBuildName: ""
  ptArchitecture: x86_64_linux
Results:
  Results Complete: true
  NumTestProcesses: 103
  CPU_INTEGER_MATH: 289146.09065000003
  CPU_FLOATINGPOINT_MATH: 186778.21581278465
  CPU_PRIME: 345915265.01436102
  CPU_SORTING: 147411392.0381487
  CPU_ENCRYPTION: 37710674732.454865
  CPU_COMPRESSION: 1156426193.9895296
  CPU_SINGLETHREAD: 2351.1942791867737
  CPU_PHYSICS: 4018.4488547487399
  CPU_MATRIX_MULT_SSE: 66814.854849050127
  CPU_mm: 8079.9886858759282
  CPU_sse: 29982.072502236271
  CPU_fma: 56383.763732255342
  CPU_avx: 64758.458613744784
  CPU_avx512: 116135.12454796417
  m_CPU_enc_SHA: 12626540152.930658
  m_CPU_enc_AES: 89137262211.826157
  m_CPU_enc_ECDSA: 11368221832.607834
  ME_ALLOC_S: 0
  ME_READ_S: 0
  ME_READ_L: 0
  ME_WRITE: 0
  ME_LARGE: 0
  ME_LATENCY: 0
  ME_THREADED: 0
  SUMM_CPU: 60029.737910763644
  SUMM_ME: 0
SystemInformation:
  OSName: Ubuntu 20.04.3 LTS
  Kernel: 5.4.0-100-generic
  Device: ""
  Processor: Intel(R) Xeon(R) Gold 6238R CPU @ 2.20GHz
  NumSockets: 2
  Manufacturer: GenuineIntel
  NumCores: 56
  NumLogicals: 112
  CPUFrequency: 1000
  Memory: 515658
  MemModuleInfo:
    iNumMemSticks: 0
Checksum: 7465D93CA4DB0B1F4534A2009CF5599F8070259A