BaselineInfo:
  WebDBID: -1
  TimeStamp: 20220301194327
Version:
  Major: 10
  Minor: 1
  Build: 1005
  SpecialBuildName: ""
  ptArchitecture: x86_64_linux
Results:
  Results Complete: true
  NumTestProcesses: 23
  CPU_INTEGER_MATH: 100973.67239999998
  CPU_FLOATINGPOINT_MATH: 84286.784221594513
  CPU_PRIME: 297213129.15697819
  CPU_SORTING: 66487683.513940588
  CPU_ENCRYPTION: 13466854007.88953
  CPU_COMPRESSION: 470477779.01263565
  CPU_SINGLETHREAD: 2346.1135027050932
  CPU_PHYSICS: 4031.2774435080532
  CPU_MATRIX_MULT_SSE: 34537.114994632328
  CPU_mm: 4051.0224392565633
  CPU_sse: 16186.801789975863
  CPU_fma: 30480.135055426104
  CPU_avx: 36476.027299695626
  CPU_avx512: 55005.495833431727
  m_CPU_enc_SHA: 7222447210.545248
  m_CPU_enc_AES: 26807991062.656918
  m_CPU_enc_ECDSA: 6370123750.4664221
  ME_ALLOC_S: 0
  ME_READ_S: 0
  ME_READ_L: 0
  ME_WRITE: 0
  ME_LARGE: 0
  ME_LATENCY: 0
  ME_THREADED: 0
  SUMM_CPU: 33009.132533779659
  SUMM_ME: 0
SystemInformation:
  OSName: Ubuntu 20.04.3 LTS
  Kernel: 5.4.0-100-generic
  Device: ""
  Processor: Intel(R) Xeon(R) Gold 6238R CPU @ 2.20GHz
  NumSockets: 2
  Manufacturer: GenuineIntel
  NumCores: 56
  NumLogicals: 112
  CPUFrequency: 1000
  Memory: 515658
  MemModuleInfo:
    iNumMemSticks: 0
Checksum: 8868EA626A16A283AB3747372C3C2420C5A642DE