BaselineInfo:
  WebDBID: -1
  TimeStamp: 20220301201502
Version:
  Major: 10
  Minor: 1
  Build: 1005
  SpecialBuildName: ""
  ptArchitecture: x86_64_linux
Results:
  Results Complete: true
  NumTestProcesses: 27
  CPU_INTEGER_MATH: 116873.8952
  CPU_FLOATINGPOINT_MATH: 97733.295309017893
  CPU_PRIME: 323727252.4131403
  CPU_SORTING: 75897728.899059683
  CPU_ENCRYPTION: 15311877299.382278
  CPU_COMPRESSION: 536262185.39933842
  CPU_SINGLETHREAD: 2346.0853852730238
  CPU_PHYSICS: 4320.8575546032935
  CPU_MATRIX_MULT_SSE: 37423.876980753703
  CPU_mm: 4400.0560600527087
  CPU_sse: 17407.925512537484
  CPU_fma: 33217.391837599935
  CPU_avx: 39807.400442539969
  CPU_avx512: 59262.790130337409
  m_CPU_enc_SHA: 8365153693.4490986
  m_CPU_enc_AES: 30207578729.035221
  m_CPU_enc_ECDSA: 7362899475.6625128
  ME_ALLOC_S: 0
  ME_READ_S: 0
  ME_READ_L: 0
  ME_WRITE: 0
  ME_LARGE: 0
  ME_LATENCY: 0
  ME_THREADED: 0
  SUMM_CPU: 36493.716158187475
  SUMM_ME: 0
SystemInformation:
  OSName: Ubuntu 20.04.3 LTS
  Kernel: 5.4.0-100-generic
  Device: ""
  Processor: Intel(R) Xeon(R) Gold 6238R CPU @ 2.20GHz
  NumSockets: 2
  Manufacturer: GenuineIntel
  NumCores: 56
  NumLogicals: 112
  CPUFrequency: 1000
  Memory: 515658
  MemModuleInfo:
    iNumMemSticks: 0
Checksum: E5A89C12BD2D59B5B1C784885083211B6211A004