BaselineInfo:
  WebDBID: -1
  TimeStamp: 20220301224511
Version:
  Major: 10
  Minor: 1
  Build: 1005
  SpecialBuildName: ""
  ptArchitecture: x86_64_linux
Results:
  Results Complete: true
  NumTestProcesses: 46
  CPU_INTEGER_MATH: 166433.62760000001
  CPU_FLOATINGPOINT_MATH: 134378.82551760861
  CPU_PRIME: 362979370.16747928
  CPU_SORTING: 102715045.49589828
  CPU_ENCRYPTION: 21922209180.318676
  CPU_COMPRESSION: 743316954.42225313
  CPU_SINGLETHREAD: 2346.4904514067644
  CPU_PHYSICS: 4705.0553013188746
  CPU_MATRIX_MULT_SSE: 52173.929376612272
  CPU_mm: 4627.9862872456997
  CPU_sse: 20559.76585973195
  CPU_fma: 45548.823855871953
  CPU_avx: 56772.279440911319
  CPU_avx512: 85814.848349933833
  m_CPU_enc_SHA: 11536144644.6057
  m_CPU_enc_AES: 43923806336.768166
  m_CPU_enc_ECDSA: 10306676559.582167
  ME_ALLOC_S: 0
  ME_READ_S: 0
  ME_READ_L: 0
  ME_WRITE: 0
  ME_LARGE: 0
  ME_LATENCY: 0
  ME_THREADED: 0
  SUMM_CPU: 46429.5103320134
  SUMM_ME: 0
SystemInformation:
  OSName: Ubuntu 20.04.3 LTS
  Kernel: 5.4.0-100-generic
  Device: ""
  Processor: Intel(R) Xeon(R) Gold 6238R CPU @ 2.20GHz
  NumSockets: 2
  Manufacturer: GenuineIntel
  NumCores: 56
  NumLogicals: 112
  CPUFrequency: 1000
  Memory: 515658
  MemModuleInfo:
    iNumMemSticks: 0
Checksum: 170B910465C7293A874F32F13A49FCA7CD5DBE07