BaselineInfo:
  WebDBID: -1
  TimeStamp: 20220302034009
Version:
  Major: 10
  Minor: 1
  Build: 1005
  SpecialBuildName: ""
  ptArchitecture: x86_64_linux
Results:
  Results Complete: true
  NumTestProcesses: 81
  CPU_INTEGER_MATH: 248538.9719
  CPU_FLOATINGPOINT_MATH: 177265.42867714018
  CPU_PRIME: 384596450.87726665
  CPU_SORTING: 136046913.64477107
  CPU_ENCRYPTION: 32723271399.970451
  CPU_COMPRESSION: 1043847054.1378932
  CPU_SINGLETHREAD: 2353.1158511728258
  CPU_PHYSICS: 4392.7849301360584
  CPU_MATRIX_MULT_SSE: 64561.573826652209
  CPU_mm: 8055.9675471486444
  CPU_sse: 29906.769538420689
  CPU_fma: 55425.147552634327
  CPU_avx: 64149.249969646939
  CPU_avx512: 108765.12824590696
  m_CPU_enc_SHA: 13017811287.578249
  m_CPU_enc_AES: 73571710337.854172
  m_CPU_enc_ECDSA: 11580292574.478853
  ME_ALLOC_S: 0
  ME_READ_S: 0
  ME_READ_L: 0
  ME_WRITE: 0
  ME_LARGE: 0
  ME_LATENCY: 0
  ME_THREADED: 0
  SUMM_CPU: 57184.849404751483
  SUMM_ME: 0
SystemInformation:
  OSName: Ubuntu 20.04.3 LTS
  Kernel: 5.4.0-100-generic
  Device: ""
  Processor: Intel(R) Xeon(R) Gold 6238R CPU @ 2.20GHz
  NumSockets: 2
  Manufacturer: GenuineIntel
  NumCores: 56
  NumLogicals: 112
  CPUFrequency: 1000
  Memory: 515658
  MemModuleInfo:
    iNumMemSticks: 0
Checksum: 5A63BF7EE76C74A06CA5EA26CCB352202DC80724