BaselineInfo:
  WebDBID: -1
  TimeStamp: 20220302021346
Version:
  Major: 10
  Minor: 1
  Build: 1005
  SpecialBuildName: ""
  ptArchitecture: x86_64_linux
Results:
  Results Complete: true
  NumTestProcesses: 71
  CPU_INTEGER_MATH: 227853.26389999999
  CPU_FLOATINGPOINT_MATH: 170245.69013142187
  CPU_PRIME: 391504948.62050045
  CPU_SORTING: 128653326.44849791
  CPU_ENCRYPTION: 29605784134.114471
  CPU_COMPRESSION: 970652799.7564671
  CPU_SINGLETHREAD: 2345.8123376933809
  CPU_PHYSICS: 4582.9652093174664
  CPU_MATRIX_MULT_SSE: 62901.38586372164
  CPU_mm: 7059.2874139984406
  CPU_sse: 27498.748154583285
  CPU_fma: 54787.915359216058
  CPU_avx: 63668.633325034309
  CPU_avx512: 105650.24661605289
  m_CPU_enc_SHA: 13155095374.27722
  m_CPU_enc_AES: 63960733656.829971
  m_CPU_enc_ECDSA: 11701523371.236246
  ME_ALLOC_S: 0
  ME_READ_S: 0
  ME_READ_L: 0
  ME_WRITE: 0
  ME_LARGE: 0
  ME_LATENCY: 0
  ME_THREADED: 0
  SUMM_CPU: 54967.964648312547
  SUMM_ME: 0
SystemInformation:
  OSName: Ubuntu 20.04.3 LTS
  Kernel: 5.4.0-100-generic
  Device: ""
  Processor: Intel(R) Xeon(R) Gold 6238R CPU @ 2.20GHz
  NumSockets: 2
  Manufacturer: GenuineIntel
  NumCores: 56
  NumLogicals: 112
  CPUFrequency: 1000
  Memory: 515658
  MemModuleInfo:
    iNumMemSticks: 0
Checksum: F2EBC0F52DB6FB14B61C9DDCE7E52B9A2D5B37BC