BaselineInfo:
  WebDBID: -1
  TimeStamp: 20220302070738
Version:
  Major: 10
  Minor: 1
  Build: 1005
  SpecialBuildName: ""
  ptArchitecture: x86_64_linux
Results:
  Results Complete: true
  NumTestProcesses: 105
  CPU_INTEGER_MATH: 293351.88569999998
  CPU_FLOATINGPOINT_MATH: 187726.33438645559
  CPU_PRIME: 341402377.08760285
  CPU_SORTING: 149004534.72846627
  CPU_ENCRYPTION: 38093110620.587326
  CPU_COMPRESSION: 1179658842.3865662
  CPU_SINGLETHREAD: 2351.254163022988
  CPU_PHYSICS: 3988.7556446704866
  CPU_MATRIX_MULT_SSE: 66875.012019650254
  CPU_mm: 8175.6819838643742
  CPU_sse: 29948.781205927542
  CPU_fma: 56409.177227759676
  CPU_avx: 64693.338316284993
  CPU_avx512: 116448.75132862877
  m_CPU_enc_SHA: 12592341338.94364
  m_CPU_enc_AES: 90340913991.294754
  m_CPU_enc_ECDSA: 11346076531.523592
  ME_ALLOC_S: 0
  ME_READ_S: 0
  ME_READ_L: 0
  ME_WRITE: 0
  ME_LARGE: 0
  ME_LATENCY: 0
  ME_THREADED: 0
  SUMM_CPU: 60327.599185873805
  SUMM_ME: 0
SystemInformation:
  OSName: Ubuntu 20.04.3 LTS
  Kernel: 5.4.0-100-generic
  Device: ""
  Processor: Intel(R) Xeon(R) Gold 6238R CPU @ 2.20GHz
  NumSockets: 2
  Manufacturer: GenuineIntel
  NumCores: 56
  NumLogicals: 112
  CPUFrequency: 1000
  Memory: 515658
  MemModuleInfo:
    iNumMemSticks: 0
Checksum: 74E93A341A5D27F20BDC3738B7260343617419A5