BaselineInfo:
  WebDBID: -1
  TimeStamp: 20220301222128
Version:
  Major: 10
  Minor: 1
  Build: 1005
  SpecialBuildName: ""
  ptArchitecture: x86_64_linux
Results:
  Results Complete: true
  NumTestProcesses: 43
  CPU_INTEGER_MATH: 157220.89480000001
  CPU_FLOATINGPOINT_MATH: 127740.25975720843
  CPU_PRIME: 363405474.54657018
  CPU_SORTING: 98584165.770776302
  CPU_ENCRYPTION: 20979145343.062813
  CPU_COMPRESSION: 707787355.76790333
  CPU_SINGLETHREAD: 2345.1885556634297
  CPU_PHYSICS: 4610.543840383998
  CPU_MATRIX_MULT_SSE: 49863.340810157606
  CPU_mm: 4713.4405872106681
  CPU_sse: 20625.584686268885
  CPU_fma: 44798.014809141896
  CPU_avx: 53594.296277570655
  CPU_avx512: 80435.467467648952
  m_CPU_enc_SHA: 11199483331.918886
  m_CPU_enc_AES: 41914101702.235718
  m_CPU_enc_ECDSA: 9823850995.0338478
  ME_ALLOC_S: 0
  ME_READ_S: 0
  ME_READ_L: 0
  ME_WRITE: 0
  ME_LARGE: 0
  ME_LATENCY: 0
  ME_THREADED: 0
  SUMM_CPU: 44925.025934239624
  SUMM_ME: 0
SystemInformation:
  OSName: Ubuntu 20.04.3 LTS
  Kernel: 5.4.0-100-generic
  Device: ""
  Processor: Intel(R) Xeon(R) Gold 6238R CPU @ 2.20GHz
  NumSockets: 2
  Manufacturer: GenuineIntel
  NumCores: 56
  NumLogicals: 112
  CPUFrequency: 1000
  Memory: 515658
  MemModuleInfo:
    iNumMemSticks: 0
Checksum: 316D64BFD55500F0C1E32B10021DF828C0C58458