BaselineInfo:
  WebDBID: -1
  TimeStamp: 20220302062423
Version:
  Major: 10
  Minor: 1
  Build: 1005
  SpecialBuildName: ""
  ptArchitecture: x86_64_linux
Results:
  Results Complete: true
  NumTestProcesses: 100
  CPU_INTEGER_MATH: 283799.70545000001
  CPU_FLOATINGPOINT_MATH: 185838.36534698488
  CPU_PRIME: 350722418.99271113
  CPU_SORTING: 147343678.18155754
  CPU_ENCRYPTION: 36938218640.924026
  CPU_COMPRESSION: 1151352222.6500943
  CPU_SINGLETHREAD: 2349.992098342977
  CPU_PHYSICS: 4092.8073709390092
  CPU_MATRIX_MULT_SSE: 66500.584680270287
  CPU_mm: 8114.338472790585
  CPU_sse: 29781.456346207509
  CPU_fma: 56186.78619463092
  CPU_avx: 64606.097276324035
  CPU_avx512: 115427.99890391876
  m_CPU_enc_SHA: 12689380520.752731
  m_CPU_enc_AES: 86725890419.333435
  m_CPU_enc_ECDSA: 11399384982.686003
  ME_ALLOC_S: 0
  ME_READ_S: 0
  ME_READ_L: 0
  ME_WRITE: 0
  ME_LARGE: 0
  ME_LATENCY: 0
  ME_THREADED: 0
  SUMM_CPU: 59771.222600143054
  SUMM_ME: 0
SystemInformation:
  OSName: Ubuntu 20.04.3 LTS
  Kernel: 5.4.0-100-generic
  Device: ""
  Processor: Intel(R) Xeon(R) Gold 6238R CPU @ 2.20GHz
  NumSockets: 2
  Manufacturer: GenuineIntel
  NumCores: 56
  NumLogicals: 112
  CPUFrequency: 1000
  Memory: 515658
  MemModuleInfo:
    iNumMemSticks: 0
Checksum: F4A694D80F2C61792CA5A924072AE74CEC61BB58