BaselineInfo:
  WebDBID: -1
  TimeStamp: 20220301195121
Version:
  Major: 10
  Minor: 1
  Build: 1005
  SpecialBuildName: ""
  ptArchitecture: x86_64_linux
Results:
  Results Complete: true
  NumTestProcesses: 24
  CPU_INTEGER_MATH: 105122.56095
  CPU_FLOATINGPOINT_MATH: 87814.681372676685
  CPU_PRIME: 304925103.7002176
  CPU_SORTING: 68820089.890010267
  CPU_ENCRYPTION: 13922039273.978241
  CPU_COMPRESSION: 489504786.38989067
  CPU_SINGLETHREAD: 2346.0966948139958
  CPU_PHYSICS: 4158.6246864141931
  CPU_MATRIX_MULT_SSE: 35569.993459107485
  CPU_mm: 4140.950749645729
  CPU_sse: 16354.391718418641
  CPU_fma: 31489.097301859194
  CPU_avx: 37567.732023875622
  CPU_avx512: 56868.7527922765
  m_CPU_enc_SHA: 7533048775.3993149
  m_CPU_enc_AES: 27587089387.612686
  m_CPU_enc_ECDSA: 6645979658.9227257
  ME_ALLOC_S: 0
  ME_READ_S: 0
  ME_READ_L: 0
  ME_WRITE: 0
  ME_LARGE: 0
  ME_LATENCY: 0
  ME_THREADED: 0
  SUMM_CPU: 33977.68369710353
  SUMM_ME: 0
SystemInformation:
  OSName: Ubuntu 20.04.3 LTS
  Kernel: 5.4.0-100-generic
  Device: ""
  Processor: Intel(R) Xeon(R) Gold 6238R CPU @ 2.20GHz
  NumSockets: 2
  Manufacturer: GenuineIntel
  NumCores: 56
  NumLogicals: 112
  CPUFrequency: 1000
  Memory: 515658
  MemModuleInfo:
    iNumMemSticks: 0
Checksum: 0CC063BCC597BEA597117D885C4FEF33AFE7CD64