BaselineInfo:
  WebDBID: -1
  TimeStamp: 20220301172920
Version:
  Major: 10
  Minor: 1
  Build: 1005
  SpecialBuildName: ""
  ptArchitecture: x86_64_linux
Results:
  Results Complete: true
  NumTestProcesses: 6
  CPU_INTEGER_MATH: 27410.796050000001
  CPU_FLOATINGPOINT_MATH: 22928.360033970301
  CPU_PRIME: 89036517.376273334
  CPU_SORTING: 18416718.073289119
  CPU_ENCRYPTION: 3702776514.1883311
  CPU_COMPRESSION: 128304830.82463872
  CPU_SINGLETHREAD: 2344.8439622679862
  CPU_PHYSICS: 1477.8939544473928
  CPU_MATRIX_MULT_SSE: 9963.9870012538431
  CPU_mm: 1267.0955250554043
  CPU_sse: 4635.767477841915
  CPU_fma: 8280.3770881715755
  CPU_avx: 9979.8739601234483
  CPU_avx512: 16959.929478878435
  m_CPU_enc_SHA: 1931051714.3147922
  m_CPU_enc_AES: 7474738167.327527
  m_CPU_enc_ECDSA: 1702539660.9226756
  ME_ALLOC_S: 0
  ME_READ_S: 0
  ME_READ_L: 0
  ME_WRITE: 0
  ME_LARGE: 0
  ME_LATENCY: 0
  ME_THREADED: 0
  SUMM_CPU: 10680.863029739132
  SUMM_ME: 0
SystemInformation:
  OSName: Ubuntu 20.04.3 LTS
  Kernel: 5.4.0-100-generic
  Device: ""
  Processor: Intel(R) Xeon(R) Gold 6238R CPU @ 2.20GHz
  NumSockets: 2
  Manufacturer: GenuineIntel
  NumCores: 56
  NumLogicals: 112
  CPUFrequency: 1000
  Memory: 515658
  MemModuleInfo:
    iNumMemSticks: 0
Checksum: D7401D3BC969CEC4C50F63C6CAB08DA4EB20BB0C