BaselineInfo:
  WebDBID: -1
  TimeStamp: 20220302061544
Version:
  Major: 10
  Minor: 1
  Build: 1005
  SpecialBuildName: ""
  ptArchitecture: x86_64_linux
Results:
  Results Complete: true
  NumTestProcesses: 99
  CPU_INTEGER_MATH: 282207.85705000011
  CPU_FLOATINGPOINT_MATH: 185479.69539285183
  CPU_PRIME: 352599568.14499056
  CPU_SORTING: 144598366.25612468
  CPU_ENCRYPTION: 37057478691.562759
  CPU_COMPRESSION: 1134910743.4459767
  CPU_SINGLETHREAD: 2348.698567902587
  CPU_PHYSICS: 4083.8953045422909
  CPU_MATRIX_MULT_SSE: 66714.266082892311
  CPU_mm: 8133.0332670673879
  CPU_sse: 29595.901641093824
  CPU_fma: 56176.870089123193
  CPU_avx: 64650.066815432241
  CPU_avx512: 116434.2257859199
  m_CPU_enc_SHA: 12677862150.022724
  m_CPU_enc_AES: 87115034644.800781
  m_CPU_enc_ECDSA: 11379539279.864761
  ME_ALLOC_S: 0
  ME_READ_S: 0
  ME_READ_L: 0
  ME_WRITE: 0
  ME_LARGE: 0
  ME_LATENCY: 0
  ME_THREADED: 0
  SUMM_CPU: 59596.749415587357
  SUMM_ME: 0
SystemInformation:
  OSName: Ubuntu 20.04.3 LTS
  Kernel: 5.4.0-100-generic
  Device: ""
  Processor: Intel(R) Xeon(R) Gold 6238R CPU @ 2.20GHz
  NumSockets: 2
  Manufacturer: GenuineIntel
  NumCores: 56
  NumLogicals: 112
  CPUFrequency: 1000
  Memory: 515658
  MemModuleInfo:
    iNumMemSticks: 0
Checksum: FD962CAA8752747B9037A42D871A76034EF94E98