BaselineInfo:
  WebDBID: -1
  TimeStamp: 20220302042322
Version:
  Major: 10
  Minor: 1
  Build: 1005
  SpecialBuildName: ""
  ptArchitecture: x86_64_linux
Results:
  Results Complete: true
  NumTestProcesses: 86
  CPU_INTEGER_MATH: 257990.33214999994
  CPU_FLOATINGPOINT_MATH: 180499.01895372674
  CPU_PRIME: 382301349.03619707
  CPU_SORTING: 139259529.70878524
  CPU_ENCRYPTION: 34124417469.741737
  CPU_COMPRESSION: 1076516633.0824208
  CPU_SINGLETHREAD: 2352.0251238718147
  CPU_PHYSICS: 4367.2132994147396
  CPU_MATRIX_MULT_SSE: 65396.864163165577
  CPU_mm: 8384.2123135631227
  CPU_sse: 29955.266651123457
  CPU_fma: 55581.298854630026
  CPU_avx: 64298.70742945157
  CPU_avx512: 111752.18371745724
  m_CPU_enc_SHA: 12902903740.46217
  m_CPU_enc_AES: 77945603243.71936
  m_CPU_enc_ECDSA: 11524745425.043682
  ME_ALLOC_S: 0
  ME_READ_S: 0
  ME_READ_L: 0
  ME_WRITE: 0
  ME_LARGE: 0
  ME_LATENCY: 0
  ME_THREADED: 0
  SUMM_CPU: 58133.86222171026
  SUMM_ME: 0
SystemInformation:
  OSName: Ubuntu 20.04.3 LTS
  Kernel: 5.4.0-100-generic
  Device: ""
  Processor: Intel(R) Xeon(R) Gold 6238R CPU @ 2.20GHz
  NumSockets: 2
  Manufacturer: GenuineIntel
  NumCores: 56
  NumLogicals: 112
  CPUFrequency: 1000
  Memory: 515658
  MemModuleInfo:
    iNumMemSticks: 0
Checksum: B52DA40BE976FE275D4067B87FC6B81492879CF7