BaselineInfo:
  WebDBID: -1
  TimeStamp: 20220302020508
Version:
  Major: 10
  Minor: 1
  Build: 1005
  SpecialBuildName: ""
  ptArchitecture: x86_64_linux
Results:
  Results Complete: true
  NumTestProcesses: 70
  CPU_INTEGER_MATH: 225886.44675
  CPU_FLOATINGPOINT_MATH: 169565.14837792513
  CPU_PRIME: 391545834.43883497
  CPU_SORTING: 128357182.81723414
  CPU_ENCRYPTION: 29740401426.405575
  CPU_COMPRESSION: 967719039.17963934
  CPU_SINGLETHREAD: 2352.8218745477088
  CPU_PHYSICS: 4591.4889333394367
  CPU_MATRIX_MULT_SSE: 61900.815705952526
  CPU_mm: 6586.0120096053142
  CPU_sse: 27205.803584232639
  CPU_fma: 54722.553992065994
  CPU_avx: 63937.764339320143
  CPU_avx512: 101737.14090819129
  m_CPU_enc_SHA: 13214930669.57794
  m_CPU_enc_AES: 64291893325.704895
  m_CPU_enc_ECDSA: 11714380283.933882
  ME_ALLOC_S: 0
  ME_READ_S: 0
  ME_READ_L: 0
  ME_WRITE: 0
  ME_LARGE: 0
  ME_LATENCY: 0
  ME_THREADED: 0
  SUMM_CPU: 54896.011692864813
  SUMM_ME: 0
SystemInformation:
  OSName: Ubuntu 20.04.3 LTS
  Kernel: 5.4.0-100-generic
  Device: ""
  Processor: Intel(R) Xeon(R) Gold 6238R CPU @ 2.20GHz
  NumSockets: 2
  Manufacturer: GenuineIntel
  NumCores: 56
  NumLogicals: 112
  CPUFrequency: 1000
  Memory: 515658
  MemModuleInfo:
    iNumMemSticks: 0
Checksum: 1A7943640A7494287B23D1C7DE2D0530E2A3AA03