BaselineInfo:
  WebDBID: -1
  TimeStamp: 20220301184020
Version:
  Major: 10
  Minor: 1
  Build: 1005
  SpecialBuildName: ""
  ptArchitecture: x86_64_linux
Results:
  Results Complete: true
  NumTestProcesses: 15
  CPU_INTEGER_MATH: 66876.309349999996
  CPU_FLOATINGPOINT_MATH: 55862.577597083342
  CPU_PRIME: 213768512.81201392
  CPU_SORTING: 44444084.419379503
  CPU_ENCRYPTION: 9030420129.7096825
  CPU_COMPRESSION: 311690406.81286269
  CPU_SINGLETHREAD: 2347.0676826524673
  CPU_PHYSICS: 3188.3720355248875
  CPU_MATRIX_MULT_SSE: 23896.278443573829
  CPU_mm: 3094.7300522961341
  CPU_sse: 11353.746972388619
  CPU_fma: 20167.422532464843
  CPU_avx: 24299.717140058325
  CPU_avx512: 39764.227129383529
  m_CPU_enc_SHA: 4708691449.4545231
  m_CPU_enc_AES: 18226372943.042187
  m_CPU_enc_ECDSA: 4156195996.6323395
  ME_ALLOC_S: 0
  ME_READ_S: 0
  ME_READ_L: 0
  ME_WRITE: 0
  ME_LARGE: 0
  ME_LATENCY: 0
  ME_THREADED: 0
  SUMM_CPU: 23742.99849785426
  SUMM_ME: 0
SystemInformation:
  OSName: Ubuntu 20.04.3 LTS
  Kernel: 5.4.0-100-generic
  Device: ""
  Processor: Intel(R) Xeon(R) Gold 6238R CPU @ 2.20GHz
  NumSockets: 2
  Manufacturer: GenuineIntel
  NumCores: 56
  NumLogicals: 112
  CPUFrequency: 1000
  Memory: 515658
  MemModuleInfo:
    iNumMemSticks: 0
Checksum: E49A7B29B16515495E0713231AF0F3E2B5D83D17