BaselineInfo:
  WebDBID: -1
  TimeStamp: 20220302002132
Version:
  Major: 10
  Minor: 1
  Build: 1005
  SpecialBuildName: ""
  ptArchitecture: x86_64_linux
Results:
  Results Complete: true
  NumTestProcesses: 58
  CPU_INTEGER_MATH: 195454.2812
  CPU_FLOATINGPOINT_MATH: 150916.72441665738
  CPU_PRIME: 373711502.96995008
  CPU_SORTING: 113405693.96437484
  CPU_ENCRYPTION: 25677848370.68177
  CPU_COMPRESSION: 837469765.69790435
  CPU_SINGLETHREAD: 2345.8828928388848
  CPU_PHYSICS: 4566.3717842670349
  CPU_MATRIX_MULT_SSE: 58526.236787959409
  CPU_mm: 4951.746497817715
  CPU_sse: 22146.757871736721
  CPU_fma: 48558.747381917805
  CPU_avx: 63007.012450067174
  CPU_avx512: 100392.42944811593
  m_CPU_enc_SHA: 12132777480.867542
  m_CPU_enc_AES: 53057795909.206345
  m_CPU_enc_ECDSA: 11842971721.971434
  ME_ALLOC_S: 0
  ME_READ_S: 0
  ME_READ_L: 0
  ME_WRITE: 0
  ME_LARGE: 0
  ME_LATENCY: 0
  ME_THREADED: 0
  SUMM_CPU: 50600.830536168287
  SUMM_ME: 0
SystemInformation:
  OSName: Ubuntu 20.04.3 LTS
  Kernel: 5.4.0-100-generic
  Device: ""
  Processor: Intel(R) Xeon(R) Gold 6238R CPU @ 2.20GHz
  NumSockets: 2
  Manufacturer: GenuineIntel
  NumCores: 56
  NumLogicals: 112
  CPUFrequency: 1000
  Memory: 515658
  MemModuleInfo:
    iNumMemSticks: 0
Checksum: 965973E2450E6C5086AF1076BBF40F6185B9D5B7