BaselineInfo:
  WebDBID: -1
  TimeStamp: 20220301214951
Version:
  Major: 10
  Minor: 1
  Build: 1005
  SpecialBuildName: ""
  ptArchitecture: x86_64_linux
Results:
  Results Complete: true
  NumTestProcesses: 39
  CPU_INTEGER_MATH: 150266.49805000002
  CPU_FLOATINGPOINT_MATH: 125020.30110194876
  CPU_PRIME: 360004293.56412113
  CPU_SORTING: 94806196.234264076
  CPU_ENCRYPTION: 19841530497.231033
  CPU_COMPRESSION: 677784023.27777958
  CPU_SINGLETHREAD: 2347.0893477380901
  CPU_PHYSICS: 4596.7933893748768
  CPU_MATRIX_MULT_SSE: 47349.484309944935
  CPU_mm: 4550.299945398835
  CPU_sse: 20204.912920451054
  CPU_fma: 42335.598206048657
  CPU_avx: 51415.545161959795
  CPU_avx512: 75441.880951320258
  m_CPU_enc_SHA: 10713083149.726114
  m_CPU_enc_AES: 39316801798.222824
  m_CPU_enc_ECDSA: 9494706543.7441483
  ME_ALLOC_S: 0
  ME_READ_S: 0
  ME_READ_L: 0
  ME_WRITE: 0
  ME_LARGE: 0
  ME_LATENCY: 0
  ME_THREADED: 0
  SUMM_CPU: 43581.333445146025
  SUMM_ME: 0
SystemInformation:
  OSName: Ubuntu 20.04.3 LTS
  Kernel: 5.4.0-100-generic
  Device: ""
  Processor: Intel(R) Xeon(R) Gold 6238R CPU @ 2.20GHz
  NumSockets: 2
  Manufacturer: GenuineIntel
  NumCores: 56
  NumLogicals: 112
  CPUFrequency: 1000
  Memory: 515658
  MemModuleInfo:
    iNumMemSticks: 0
Checksum: 32237C9573E082CD25C7FFDA4F63F877E8858C79