BaselineInfo:
  WebDBID: -1
  TimeStamp: 20220301180847
Version:
  Major: 10
  Minor: 1
  Build: 1005
  SpecialBuildName: ""
  ptArchitecture: x86_64_linux
Results:
  Results Complete: true
  NumTestProcesses: 11
  CPU_INTEGER_MATH: 49065.061199999996
  CPU_FLOATINGPOINT_MATH: 41023.187443066992
  CPU_PRIME: 160509428.69404745
  CPU_SORTING: 32850988.213741921
  CPU_ENCRYPTION: 6628525959.3218288
  CPU_COMPRESSION: 229647766.09290752
  CPU_SINGLETHREAD: 2348.3281092095522
  CPU_PHYSICS: 2477.7976301058343
  CPU_MATRIX_MULT_SSE: 17737.729685208662
  CPU_mm: 2276.1884699321913
  CPU_sse: 8238.9578810650437
  CPU_fma: 14783.330797538581
  CPU_avx: 17824.856071569866
  CPU_avx512: 30103.773990661168
  m_CPU_enc_SHA: 3455837122.5779228
  m_CPU_enc_AES: 13379922656.968075
  m_CPU_enc_ECDSA: 3049818098.419488
  ME_ALLOC_S: 0
  ME_READ_S: 0
  ME_READ_L: 0
  ME_WRITE: 0
  ME_LARGE: 0
  ME_LATENCY: 0
  ME_THREADED: 0
  SUMM_CPU: 18177.617250216972
  SUMM_ME: 0
SystemInformation:
  OSName: Ubuntu 20.04.3 LTS
  Kernel: 5.4.0-100-generic
  Device: ""
  Processor: Intel(R) Xeon(R) Gold 6238R CPU @ 2.20GHz
  NumSockets: 2
  Manufacturer: GenuineIntel
  NumCores: 56
  NumLogicals: 112
  CPUFrequency: 1000
  Memory: 515658
  MemModuleInfo:
    iNumMemSticks: 0
Checksum: D8EC967818D2D9C127135E047EE2CE6F8C4AF872