BaselineInfo:
  WebDBID: -1
  TimeStamp: 20220302031414
Version:
  Major: 10
  Minor: 1
  Build: 1005
  SpecialBuildName: ""
  ptArchitecture: x86_64_linux
Results:
  Results Complete: true
  NumTestProcesses: 78
  CPU_INTEGER_MATH: 242509.90040000004
  CPU_FLOATINGPOINT_MATH: 176337.58325507079
  CPU_PRIME: 388299359.12760365
  CPU_SORTING: 133972603.36169791
  CPU_ENCRYPTION: 31708855444.873962
  CPU_COMPRESSION: 1024220994.7309098
  CPU_SINGLETHREAD: 2346.0269953115367
  CPU_PHYSICS: 4460.1124177919919
  CPU_MATRIX_MULT_SSE: 64353.55461915004
  CPU_mm: 7797.7865774440206
  CPU_sse: 29666.227886613076
  CPU_fma: 55291.349010638216
  CPU_avx: 64084.780684009245
  CPU_avx512: 108371.8608953396
  m_CPU_enc_SHA: 13042150203.247225
  m_CPU_enc_AES: 70488612627.455856
  m_CPU_enc_ECDSA: 11595803503.918831
  ME_ALLOC_S: 0
  ME_READ_S: 0
  ME_READ_L: 0
  ME_WRITE: 0
  ME_LARGE: 0
  ME_LATENCY: 0
  ME_THREADED: 0
  SUMM_CPU: 56568.651640581149
  SUMM_ME: 0
SystemInformation:
  OSName: Ubuntu 20.04.3 LTS
  Kernel: 5.4.0-100-generic
  Device: ""
  Processor: Intel(R) Xeon(R) Gold 6238R CPU @ 2.20GHz
  NumSockets: 2
  Manufacturer: GenuineIntel
  NumCores: 56
  NumLogicals: 112
  CPUFrequency: 1000
  Memory: 515658
  MemModuleInfo:
    iNumMemSticks: 0
Checksum: E5165D3F028110DCDC1F6CC172ED746CA66A3A0D