BaselineInfo:
  WebDBID: -1
  TimeStamp: 20220301172127
Version:
  Major: 10
  Minor: 1
  Build: 1005
  SpecialBuildName: ""
  ptArchitecture: x86_64_linux
Results:
  Results Complete: true
  NumTestProcesses: 5
  CPU_INTEGER_MATH: 23296.924700000003
  CPU_FLOATINGPOINT_MATH: 19485.195605874265
  CPU_PRIME: 75218988.75095433
  CPU_SORTING: 15696920.486196727
  CPU_ENCRYPTION: 3143534145.777153
  CPU_COMPRESSION: 108741681.5295568
  CPU_SINGLETHREAD: 2351.1309948033295
  CPU_PHYSICS: 1251.4321061224621
  CPU_MATRIX_MULT_SSE: 8467.52326003706
  CPU_mm: 1071.6304845296268
  CPU_sse: 3961.0630745597164
  CPU_fma: 7041.5205745262119
  CPU_avx: 8495.2808945457
  CPU_avx512: 14372.228496516611
  m_CPU_enc_SHA: 1639815331.718338
  m_CPU_enc_AES: 6341782637.0835514
  m_CPU_enc_ECDSA: 1449004468.5295708
  ME_ALLOC_S: 0
  ME_READ_S: 0
  ME_READ_L: 0
  ME_WRITE: 0
  ME_LARGE: 0
  ME_LATENCY: 0
  ME_THREADED: 0
  SUMM_CPU: 9158.32938261237
  SUMM_ME: 0
SystemInformation:
  OSName: Ubuntu 20.04.3 LTS
  Kernel: 5.4.0-100-generic
  Device: ""
  Processor: Intel(R) Xeon(R) Gold 6238R CPU @ 2.20GHz
  NumSockets: 2
  Manufacturer: GenuineIntel
  NumCores: 56
  NumLogicals: 112
  CPUFrequency: 1000
  Memory: 515658
  MemModuleInfo:
    iNumMemSticks: 0
Checksum: B7EEBC5F7F3C321ED15BE5B2B8340373836EBCAF