BaselineInfo:
  WebDBID: -1
  TimeStamp: 20220302065859
Version:
  Major: 10
  Minor: 1
  Build: 1005
  SpecialBuildName: ""
  ptArchitecture: x86_64_linux
Results:
  Results Complete: true
  NumTestProcesses: 104
  CPU_INTEGER_MATH: 290888.77854999993
  CPU_FLOATINGPOINT_MATH: 187291.99283773423
  CPU_PRIME: 340734329.12254846
  CPU_SORTING: 149472539.26289457
  CPU_ENCRYPTION: 38039330902.994553
  CPU_COMPRESSION: 1168640167.1297324
  CPU_SINGLETHREAD: 2346.7680954955317
  CPU_PHYSICS: 4065.7315581219154
  CPU_MATRIX_MULT_SSE: 67165.020493961347
  CPU_mm: 8190.7960126047692
  CPU_sse: 29690.152200259119
  CPU_fma: 56275.379500347422
  CPU_avx: 64537.324983327606
  CPU_avx512: 118157.22529191137
  m_CPU_enc_SHA: 12601733459.201715
  m_CPU_enc_AES: 90160471226.042709
  m_CPU_enc_ECDSA: 11355788023.739237
  ME_ALLOC_S: 0
  ME_READ_S: 0
  ME_READ_L: 0
  ME_WRITE: 0
  ME_LARGE: 0
  ME_LATENCY: 0
  ME_THREADED: 0
  SUMM_CPU: 60254.746277253798
  SUMM_ME: 0
SystemInformation:
  OSName: Ubuntu 20.04.3 LTS
  Kernel: 5.4.0-100-generic
  Device: ""
  Processor: Intel(R) Xeon(R) Gold 6238R CPU @ 2.20GHz
  NumSockets: 2
  Manufacturer: GenuineIntel
  NumCores: 56
  NumLogicals: 112
  CPUFrequency: 1000
  Memory: 515658
  MemModuleInfo:
    iNumMemSticks: 0
Checksum: BC74A3F7C7F97FC92AF6C68D9EAD4387EBCDDC1F