BaselineInfo:
  WebDBID: -1
  TimeStamp: 20220301212608
Version:
  Major: 10
  Minor: 1
  Build: 1005
  SpecialBuildName: ""
  ptArchitecture: x86_64_linux
Results:
  Results Complete: true
  NumTestProcesses: 36
  CPU_INTEGER_MATH: 142279.21105000004
  CPU_FLOATINGPOINT_MATH: 118398.24730638422
  CPU_PRIME: 355595003.76945317
  CPU_SORTING: 90698091.599146277
  CPU_ENCRYPTION: 18687558960.229755
  CPU_COMPRESSION: 647887481.89110661
  CPU_SINGLETHREAD: 2350.202990605741
  CPU_PHYSICS: 4555.4738005262789
  CPU_MATRIX_MULT_SSE: 44753.162686130687
  CPU_mm: 4665.9410819297091
  CPU_sse: 20401.212224247171
  CPU_fma: 40156.412379402929
  CPU_avx: 48219.099530757936
  CPU_avx512: 70235.926610114722
  m_CPU_enc_SHA: 10196782270.826805
  m_CPU_enc_AES: 36886617513.135368
  m_CPU_enc_ECDSA: 8979277096.7270889
  ME_ALLOC_S: 0
  ME_READ_S: 0
  ME_READ_L: 0
  ME_WRITE: 0
  ME_LARGE: 0
  ME_LATENCY: 0
  ME_THREADED: 0
  SUMM_CPU: 42001.402322088506
  SUMM_ME: 0
SystemInformation:
  OSName: Ubuntu 20.04.3 LTS
  Kernel: 5.4.0-100-generic
  Device: ""
  Processor: Intel(R) Xeon(R) Gold 6238R CPU @ 2.20GHz
  NumSockets: 2
  Manufacturer: GenuineIntel
  NumCores: 56
  NumLogicals: 112
  CPUFrequency: 1000
  Memory: 515658
  MemModuleInfo:
    iNumMemSticks: 0
Checksum: 4BC51F53593A78D1B17FF5F77E1DDD06955834E0