BaselineInfo:
  WebDBID: -1
  TimeStamp: 20220301174507
Version:
  Major: 10
  Minor: 1
  Build: 1005
  SpecialBuildName: ""
  ptArchitecture: x86_64_linux
Results:
  Results Complete: true
  NumTestProcesses: 8
  CPU_INTEGER_MATH: 36376.683149999997
  CPU_FLOATINGPOINT_MATH: 30409.520661006005
  CPU_PRIME: 117762464.67561597
  CPU_SORTING: 24414470.441503167
  CPU_ENCRYPTION: 4909733432.4696789
  CPU_COMPRESSION: 169860212.93192554
  CPU_SINGLETHREAD: 2348.1995477645496
  CPU_PHYSICS: 1932.3810714455785
  CPU_MATRIX_MULT_SSE: 13237.178824216515
  CPU_mm: 1670.3986024561689
  CPU_sse: 6187.3545188018525
  CPU_fma: 10979.18666089719
  CPU_avx: 13251.715685044881
  CPU_avx512: 22530.458432122134
  m_CPU_enc_SHA: 2562460787.9813194
  m_CPU_enc_AES: 9904479171.2231903
  m_CPU_enc_ECDSA: 2262260338.2045293
  ME_ALLOC_S: 0
  ME_READ_S: 0
  ME_READ_L: 0
  ME_WRITE: 0
  ME_LARGE: 0
  ME_LATENCY: 0
  ME_THREADED: 0
  SUMM_CPU: 13876.230630789252
  SUMM_ME: 0
SystemInformation:
  OSName: Ubuntu 20.04.3 LTS
  Kernel: 5.4.0-100-generic
  Device: ""
  Processor: Intel(R) Xeon(R) Gold 6238R CPU @ 2.20GHz
  NumSockets: 2
  Manufacturer: GenuineIntel
  NumCores: 56
  NumLogicals: 112
  CPUFrequency: 1000
  Memory: 515658
  MemModuleInfo:
    iNumMemSticks: 0
Checksum: 5C96E17793926A4BBCD3438813C44E8035CCA5FB