BaselineInfo:
  WebDBID: -1
  TimeStamp: 20220302053231
Version:
  Major: 10
  Minor: 1
  Build: 1005
  SpecialBuildName: ""
  ptArchitecture: x86_64_linux
Results:
  Results Complete: true
  NumTestProcesses: 94
  CPU_INTEGER_MATH: 272837.93735000002
  CPU_FLOATINGPOINT_MATH: 183605.68003625184
  CPU_PRIME: 363259820.34858274
  CPU_SORTING: 143129835.19457072
  CPU_ENCRYPTION: 36105660844.560776
  CPU_COMPRESSION: 1122923464.5440252
  CPU_SINGLETHREAD: 2348.4932217093274
  CPU_PHYSICS: 4223.5552107674685
  CPU_MATRIX_MULT_SSE: 66028.084104218462
  CPU_mm: 8105.718435636566
  CPU_sse: 29690.985024835551
  CPU_fma: 55905.317673613972
  CPU_avx: 64505.171883749317
  CPU_avx512: 114010.86183467507
  m_CPU_enc_SHA: 12775585156.332191
  m_CPU_enc_AES: 84097518769.723358
  m_CPU_enc_ECDSA: 11443878607.62682
  ME_ALLOC_S: 0
  ME_READ_S: 0
  ME_READ_L: 0
  ME_WRITE: 0
  ME_LARGE: 0
  ME_LATENCY: 0
  ME_THREADED: 0
  SUMM_CPU: 59168.318288316746
  SUMM_ME: 0
SystemInformation:
  OSName: Ubuntu 20.04.3 LTS
  Kernel: 5.4.0-100-generic
  Device: ""
  Processor: Intel(R) Xeon(R) Gold 6238R CPU @ 2.20GHz
  NumSockets: 2
  Manufacturer: GenuineIntel
  NumCores: 56
  NumLogicals: 112
  CPUFrequency: 1000
  Memory: 515658
  MemModuleInfo:
    iNumMemSticks: 0
Checksum: C39D32BCBE7D66F68539FC9A67B19FEA2566F3D6