BaselineInfo:
  WebDBID: -1
  TimeStamp: 20220302044918
Version:
  Major: 10
  Minor: 1
  Build: 1005
  SpecialBuildName: ""
  ptArchitecture: x86_64_linux
Results:
  Results Complete: true
  NumTestProcesses: 89
  CPU_INTEGER_MATH: 263631.39929999993
  CPU_FLOATINGPOINT_MATH: 181630.85617201476
  CPU_PRIME: 375258413.56543416
  CPU_SORTING: 140900938.95583004
  CPU_ENCRYPTION: 35028654919.504089
  CPU_COMPRESSION: 1089806429.3318162
  CPU_SINGLETHREAD: 2352.5492468939224
  CPU_PHYSICS: 4319.7543815546451
  CPU_MATRIX_MULT_SSE: 65755.950460143518
  CPU_mm: 8344.3980553973233
  CPU_sse: 29894.273659692637
  CPU_fma: 55700.329801076281
  CPU_avx: 64317.836808120352
  CPU_avx512: 113111.36157168476
  m_CPU_enc_SHA: 12858205998.377829
  m_CPU_enc_AES: 80730342307.707138
  m_CPU_enc_ECDSA: 11497416452.42732
  ME_ALLOC_S: 0
  ME_READ_S: 0
  ME_READ_L: 0
  ME_WRITE: 0
  ME_LARGE: 0
  ME_LATENCY: 0
  ME_THREADED: 0
  SUMM_CPU: 58582.457370807038
  SUMM_ME: 0
SystemInformation:
  OSName: Ubuntu 20.04.3 LTS
  Kernel: 5.4.0-100-generic
  Device: ""
  Processor: Intel(R) Xeon(R) Gold 6238R CPU @ 2.20GHz
  NumSockets: 2
  Manufacturer: GenuineIntel
  NumCores: 56
  NumLogicals: 112
  CPUFrequency: 1000
  Memory: 515658
  MemModuleInfo:
    iNumMemSticks: 0
Checksum: 46CE1A88004D36122D0835C17907BECC8E179AA6