BaselineInfo:
  WebDBID: -1
  TimeStamp: 20220301214157
Version:
  Major: 10
  Minor: 1
  Build: 1005
  SpecialBuildName: ""
  ptArchitecture: x86_64_linux
Results:
  Results Complete: true
  NumTestProcesses: 38
  CPU_INTEGER_MATH: 148193.42939999996
  CPU_FLOATINGPOINT_MATH: 122970.2498192135
  CPU_PRIME: 360538371.62374246
  CPU_SORTING: 93673303.895056427
  CPU_ENCRYPTION: 19428578335.512703
  CPU_COMPRESSION: 672184682.05969501
  CPU_SINGLETHREAD: 2349.6558524984112
  CPU_PHYSICS: 4618.6099488620275
  CPU_MATRIX_MULT_SSE: 46815.307196790891
  CPU_mm: 4565.2887059377017
  CPU_sse: 20653.298055848943
  CPU_fma: 41821.946620326897
  CPU_avx: 50707.453197027164
  CPU_avx512: 74078.530913960509
  m_CPU_enc_SHA: 10550589604.496859
  m_CPU_enc_AES: 38368297013.547005
  m_CPU_enc_ECDSA: 9366848388.4942684
  ME_ALLOC_S: 0
  ME_READ_S: 0
  ME_READ_L: 0
  ME_WRITE: 0
  ME_LARGE: 0
  ME_LATENCY: 0
  ME_THREADED: 0
  SUMM_CPU: 43171.596968423961
  SUMM_ME: 0
SystemInformation:
  OSName: Ubuntu 20.04.3 LTS
  Kernel: 5.4.0-100-generic
  Device: ""
  Processor: Intel(R) Xeon(R) Gold 6238R CPU @ 2.20GHz
  NumSockets: 2
  Manufacturer: GenuineIntel
  NumCores: 56
  NumLogicals: 112
  CPUFrequency: 1000
  Memory: 515658
  MemModuleInfo:
    iNumMemSticks: 0
Checksum: 9F6937FB4A02C133EAFC228900D04FAAE3765E22