BaselineInfo:
  WebDBID: -1
  TimeStamp: 20220301231649
Version:
  Major: 10
  Minor: 1
  Build: 1005
  SpecialBuildName: ""
  ptArchitecture: x86_64_linux
Results:
  Results Complete: true
  NumTestProcesses: 50
  CPU_INTEGER_MATH: 174949.99239999993
  CPU_FLOATINGPOINT_MATH: 139888.79239082627
  CPU_PRIME: 364857568.73621392
  CPU_SORTING: 106008015.71218348
  CPU_ENCRYPTION: 23205543963.327477
  CPU_COMPRESSION: 772769031.63413465
  CPU_SINGLETHREAD: 2348.8054697415655
  CPU_PHYSICS: 4721.0776829601118
  CPU_MATRIX_MULT_SSE: 53748.541262179715
  CPU_mm: 4644.2626957321427
  CPU_sse: 20600.161193025597
  CPU_fma: 46212.73348756304
  CPU_avx: 58953.021561296227
  CPU_avx512: 89228.248806833959
  m_CPU_enc_SHA: 11785874306.632536
  m_CPU_enc_AES: 46981265662.044518
  m_CPU_enc_ECDSA: 10849491921.305378
  ME_ALLOC_S: 0
  ME_READ_S: 0
  ME_READ_L: 0
  ME_WRITE: 0
  ME_LARGE: 0
  ME_LATENCY: 0
  ME_THREADED: 0
  SUMM_CPU: 47811.83403692142
  SUMM_ME: 0
SystemInformation:
  OSName: Ubuntu 20.04.3 LTS
  Kernel: 5.4.0-100-generic
  Device: ""
  Processor: Intel(R) Xeon(R) Gold 6238R CPU @ 2.20GHz
  NumSockets: 2
  Manufacturer: GenuineIntel
  NumCores: 56
  NumLogicals: 112
  CPUFrequency: 1000
  Memory: 515658
  MemModuleInfo:
    iNumMemSticks: 0
Checksum: 407B30DD134718D7970CE7D315F0004E9274495C