BaselineInfo:
  WebDBID: -1
  TimeStamp: 20220301185606
Version:
  Major: 10
  Minor: 1
  Build: 1005
  SpecialBuildName: ""
  ptArchitecture: x86_64_linux
Results:
  Results Complete: true
  NumTestProcesses: 17
  CPU_INTEGER_MATH: 75744.220000000001
  CPU_FLOATINGPOINT_MATH: 63338.038791114523
  CPU_PRIME: 239922167.95940968
  CPU_SORTING: 50193492.151413903
  CPU_ENCRYPTION: 10221273888.344841
  CPU_COMPRESSION: 354309176.11579728
  CPU_SINGLETHREAD: 2345.9400494712218
  CPU_PHYSICS: 3439.4136036742448
  CPU_MATRIX_MULT_SSE: 26751.592072515559
  CPU_mm: 3401.9067748704451
  CPU_sse: 12591.269922643429
  CPU_fma: 22845.75599832919
  CPU_avx: 27521.704680871251
  CPU_avx512: 44047.637688218376
  m_CPU_enc_SHA: 5337510394.1263218
  m_CPU_enc_AES: 20613220212.963982
  m_CPU_enc_ECDSA: 4713091057.9442196
  ME_ALLOC_S: 0
  ME_READ_S: 0
  ME_READ_L: 0
  ME_WRITE: 0
  ME_LARGE: 0
  ME_LATENCY: 0
  ME_THREADED: 0
  SUMM_CPU: 26341.171050732501
  SUMM_ME: 0
SystemInformation:
  OSName: Ubuntu 20.04.3 LTS
  Kernel: 5.4.0-100-generic
  Device: ""
  Processor: Intel(R) Xeon(R) Gold 6238R CPU @ 2.20GHz
  NumSockets: 2
  Manufacturer: GenuineIntel
  NumCores: 56
  NumLogicals: 112
  CPUFrequency: 1000
  Memory: 515658
  MemModuleInfo:
    iNumMemSticks: 0
Checksum: 9FED67C5D7884C5D8AE959A543D419C720480AE2