BaselineInfo:
  WebDBID: -1
  TimeStamp: 20220302073336
Version:
  Major: 10
  Minor: 1
  Build: 1005
  SpecialBuildName: ""
  ptArchitecture: x86_64_linux
Results:
  Results Complete: true
  NumTestProcesses: 108
  CPU_INTEGER_MATH: 298872.43034999992
  CPU_FLOATINGPOINT_MATH: 188824.19706377177
  CPU_PRIME: 333163163.95108718
  CPU_SORTING: 149553271.55781394
  CPU_ENCRYPTION: 38614629190.279846
  CPU_COMPRESSION: 1194582263.8257475
  CPU_SINGLETHREAD: 2347.2754952602199
  CPU_PHYSICS: 3887.0156410686977
  CPU_MATRIX_MULT_SSE: 67505.987329915311
  CPU_mm: 8198.5056464143527
  CPU_sse: 29752.805050330877
  CPU_fma: 56491.646010427408
  CPU_avx: 64735.026938327341
  CPU_avx512: 119044.47132057554
  m_CPU_enc_SHA: 12548223977.852861
  m_CPU_enc_AES: 91992239436.722595
  m_CPU_enc_ECDSA: 11303424156.264071
  ME_ALLOC_S: 0
  ME_READ_S: 0
  ME_READ_L: 0
  ME_WRITE: 0
  ME_LARGE: 0
  ME_LATENCY: 0
  ME_THREADED: 0
  SUMM_CPU: 60514.001633182605
  SUMM_ME: 0
SystemInformation:
  OSName: Ubuntu 20.04.3 LTS
  Kernel: 5.4.0-100-generic
  Device: ""
  Processor: Intel(R) Xeon(R) Gold 6238R CPU @ 2.20GHz
  NumSockets: 2
  Manufacturer: GenuineIntel
  NumCores: 56
  NumLogicals: 112
  CPUFrequency: 1000
  Memory: 515658
  MemModuleInfo:
    iNumMemSticks: 0
Checksum: 25D01997713C3F86FBEC6BD6BAF9AB1092873B6F