BaselineInfo:
  WebDBID: -1
  TimeStamp: 20220302064141
Version:
  Major: 10
  Minor: 1
  Build: 1005
  SpecialBuildName: ""
  ptArchitecture: x86_64_linux
Results:
  Results Complete: true
  NumTestProcesses: 102
  CPU_INTEGER_MATH: 287772.80865000002
  CPU_FLOATINGPOINT_MATH: 186593.42043713585
  CPU_PRIME: 347012845.49863714
  CPU_SORTING: 147685053.65878505
  CPU_ENCRYPTION: 37517207153.308769
  CPU_COMPRESSION: 1155597213.2447476
  CPU_SINGLETHREAD: 2342.3607508226005
  CPU_PHYSICS: 4106.4537371445631
  CPU_MATRIX_MULT_SSE: 67063.481913253054
  CPU_mm: 8152.1442459833952
  CPU_sse: 29678.705005345488
  CPU_fma: 56171.087777562774
  CPU_avx: 64513.640551320961
  CPU_avx512: 117890.49431878305
  m_CPU_enc_SHA: 12649273926.869303
  m_CPU_enc_AES: 88535954767.62204
  m_CPU_enc_ECDSA: 11366392765.434929
  ME_ALLOC_S: 0
  ME_READ_S: 0
  ME_READ_L: 0
  ME_WRITE: 0
  ME_LARGE: 0
  ME_LATENCY: 0
  ME_THREADED: 0
  SUMM_CPU: 59980.418581363549
  SUMM_ME: 0
SystemInformation:
  OSName: Ubuntu 20.04.3 LTS
  Kernel: 5.4.0-100-generic
  Device: ""
  Processor: Intel(R) Xeon(R) Gold 6238R CPU @ 2.20GHz
  NumSockets: 2
  Manufacturer: GenuineIntel
  NumCores: 56
  NumLogicals: 112
  CPUFrequency: 1000
  Memory: 515658
  MemModuleInfo:
    iNumMemSticks: 0
Checksum: 10491292FC7846C88C1CFEEF1F84977ECA2E59B9