BaselineInfo:
  WebDBID: -1
  TimeStamp: 20220301230854
Version:
  Major: 10
  Minor: 1
  Build: 1005
  SpecialBuildName: ""
  ptArchitecture: x86_64_linux
Results:
  Results Complete: true
  NumTestProcesses: 49
  CPU_INTEGER_MATH: 172818.73569999999
  CPU_FLOATINGPOINT_MATH: 138792.93038048007
  CPU_PRIME: 367154635.22000432
  CPU_SORTING: 105027195.91563928
  CPU_ENCRYPTION: 22876109788.738415
  CPU_COMPRESSION: 764923310.40803075
  CPU_SINGLETHREAD: 2343.5279363535128
  CPU_PHYSICS: 4680.3546952541365
  CPU_MATRIX_MULT_SSE: 54091.671077592648
  CPU_mm: 4778.9586930781352
  CPU_sse: 21181.411383183349
  CPU_fma: 46963.112729598208
  CPU_avx: 59062.450491168267
  CPU_avx512: 89159.709706420792
  m_CPU_enc_SHA: 11675742247.254459
  m_CPU_enc_AES: 45905562090.773743
  m_CPU_enc_ECDSA: 11047025028.187038
  ME_ALLOC_S: 0
  ME_READ_S: 0
  ME_READ_L: 0
  ME_WRITE: 0
  ME_LARGE: 0
  ME_LATENCY: 0
  ME_THREADED: 0
  SUMM_CPU: 47487.419605705938
  SUMM_ME: 0
SystemInformation:
  OSName: Ubuntu 20.04.3 LTS
  Kernel: 5.4.0-100-generic
  Device: ""
  Processor: Intel(R) Xeon(R) Gold 6238R CPU @ 2.20GHz
  NumSockets: 2
  Manufacturer: GenuineIntel
  NumCores: 56
  NumLogicals: 112
  CPUFrequency: 1126
  Memory: 515658
  MemModuleInfo:
    iNumMemSticks: 0
Checksum: A99CBD6534A737F23BFFCF417B3FA72D3BA70B54