BaselineInfo:
  WebDBID: -1
  TimeStamp: 20220302022224
Version:
  Major: 10
  Minor: 1
  Build: 1005
  SpecialBuildName: ""
  ptArchitecture: x86_64_linux
Results:
  Results Complete: true
  NumTestProcesses: 72
  CPU_INTEGER_MATH: 229964.87134999997
  CPU_FLOATINGPOINT_MATH: 170333.53654049773
  CPU_PRIME: 390922652.31624055
  CPU_SORTING: 128923798.39773071
  CPU_ENCRYPTION: 30030088525.356003
  CPU_COMPRESSION: 983857679.85526323
  CPU_SINGLETHREAD: 2341.3626025020799
  CPU_PHYSICS: 4621.8617406933363
  CPU_MATRIX_MULT_SSE: 63176.05713414451
  CPU_mm: 7049.1883563405536
  CPU_sse: 27803.497708480922
  CPU_fma: 54898.950894031746
  CPU_avx: 63888.380562539103
  CPU_avx512: 106113.39937152628
  m_CPU_enc_SHA: 13141945951.14369
  m_CPU_enc_AES: 65260647512.565948
  m_CPU_enc_ECDSA: 11687672112.358349
  ME_ALLOC_S: 0
  ME_READ_S: 0
  ME_READ_L: 0
  ME_WRITE: 0
  ME_LARGE: 0
  ME_LATENCY: 0
  ME_THREADED: 0
  SUMM_CPU: 55236.874488610571
  SUMM_ME: 0
SystemInformation:
  OSName: Ubuntu 20.04.3 LTS
  Kernel: 5.4.0-100-generic
  Device: ""
  Processor: Intel(R) Xeon(R) Gold 6238R CPU @ 2.20GHz
  NumSockets: 2
  Manufacturer: GenuineIntel
  NumCores: 56
  NumLogicals: 112
  CPUFrequency: 1000
  Memory: 515658
  MemModuleInfo:
    iNumMemSticks: 0
Checksum: 3BCA6514934F5F35EE88FE21CE63AD5764E0EADA