BaselineInfo:
  WebDBID: -1
  TimeStamp: 20220302025657
Version:
  Major: 10
  Minor: 1
  Build: 1005
  SpecialBuildName: ""
  ptArchitecture: x86_64_linux
Results:
  Results Complete: true
  NumTestProcesses: 76
  CPU_INTEGER_MATH: 238177.05794999999
  CPU_FLOATINGPOINT_MATH: 174227.40209556362
  CPU_PRIME: 389988245.24715185
  CPU_SORTING: 132818645.61484048
  CPU_ENCRYPTION: 31155930769.809448
  CPU_COMPRESSION: 1005305830.1266754
  CPU_SINGLETHREAD: 2349.8614742912041
  CPU_PHYSICS: 4519.0569607145389
  CPU_MATRIX_MULT_SSE: 64269.066590297589
  CPU_mm: 7521.9418990793374
  CPU_sse: 28824.137345456696
  CPU_fma: 55185.232661466398
  CPU_avx: 64032.309951493095
  CPU_avx512: 109034.58640277413
  m_CPU_enc_SHA: 13128756118.676914
  m_CPU_enc_AES: 68712771481.144211
  m_CPU_enc_ECDSA: 11626264709.607216
  ME_ALLOC_S: 0
  ME_READ_S: 0
  ME_READ_L: 0
  ME_WRITE: 0
  ME_LARGE: 0
  ME_LATENCY: 0
  ME_THREADED: 0
  SUMM_CPU: 56180.711796196279
  SUMM_ME: 0
SystemInformation:
  OSName: Ubuntu 20.04.3 LTS
  Kernel: 5.4.0-100-generic
  Device: ""
  Processor: Intel(R) Xeon(R) Gold 6238R CPU @ 2.20GHz
  NumSockets: 2
  Manufacturer: GenuineIntel
  NumCores: 56
  NumLogicals: 112
  CPUFrequency: 1000
  Memory: 515658
  MemModuleInfo:
    iNumMemSticks: 0
Checksum: 879DFE4902DCA64841395950B565B5AD129654F4