BaselineInfo:
  WebDBID: -1
  TimeStamp: 20220302014752
Version:
  Major: 10
  Minor: 1
  Build: 1005
  SpecialBuildName: ""
  ptArchitecture: x86_64_linux
Results:
  Results Complete: true
  NumTestProcesses: 68
  CPU_INTEGER_MATH: 221289.88900000002
  CPU_FLOATINGPOINT_MATH: 166898.98057903326
  CPU_PRIME: 390024875.02978241
  CPU_SORTING: 125401953.83992267
  CPU_ENCRYPTION: 29073959157.042336
  CPU_COMPRESSION: 953840784.88778973
  CPU_SINGLETHREAD: 2353.9293681571744
  CPU_PHYSICS: 4624.1334900158927
  CPU_MATRIX_MULT_SSE: 62153.679630084785
  CPU_mm: 6752.3950940889627
  CPU_sse: 26266.44384495703
  CPU_fma: 54086.369065216371
  CPU_avx: 63758.891223177685
  CPU_avx512: 104503.01438698806
  m_CPU_enc_SHA: 13151406615.382208
  m_CPU_enc_AES: 62304038744.493088
  m_CPU_enc_ECDSA: 11766432111.25168
  ME_ALLOC_S: 0
  ME_READ_S: 0
  ME_READ_L: 0
  ME_WRITE: 0
  ME_LARGE: 0
  ME_LATENCY: 0
  ME_THREADED: 0
  SUMM_CPU: 54370.527709941183
  SUMM_ME: 0
SystemInformation:
  OSName: Ubuntu 20.04.3 LTS
  Kernel: 5.4.0-100-generic
  Device: ""
  Processor: Intel(R) Xeon(R) Gold 6238R CPU @ 2.20GHz
  NumSockets: 2
  Manufacturer: GenuineIntel
  NumCores: 56
  NumLogicals: 112
  CPUFrequency: 1000
  Memory: 515658
  MemModuleInfo:
    iNumMemSticks: 0
Checksum: 601245F15DE92E12DA25FE60F21521DB13FB2091