BaselineInfo:
  WebDBID: -1
  TimeStamp: 20220301230100
Version:
  Major: 10
  Minor: 1
  Build: 1005
  SpecialBuildName: ""
  ptArchitecture: x86_64_linux
Results:
  Results Complete: true
  NumTestProcesses: 48
  CPU_INTEGER_MATH: 171600.89045000001
  CPU_FLOATINGPOINT_MATH: 137070.58676651347
  CPU_PRIME: 364989343.25295573
  CPU_SORTING: 104410024.90866747
  CPU_ENCRYPTION: 22554623907.022438
  CPU_COMPRESSION: 758458137.96507883
  CPU_SINGLETHREAD: 2344.2607764267186
  CPU_PHYSICS: 4683.0499534546616
  CPU_MATRIX_MULT_SSE: 53145.261993049869
  CPU_mm: 4494.7387768165563
  CPU_sse: 20125.393510725193
  CPU_fma: 45879.922442519382
  CPU_avx: 57748.727887683577
  CPU_avx512: 88827.004131271242
  m_CPU_enc_SHA: 11534645259.556982
  m_CPU_enc_AES: 45194443179.442406
  m_CPU_enc_ECDSA: 10934783282.067965
  ME_ALLOC_S: 0
  ME_READ_S: 0
  ME_READ_L: 0
  ME_WRITE: 0
  ME_LARGE: 0
  ME_LATENCY: 0
  ME_THREADED: 0
  SUMM_CPU: 47143.868266830199
  SUMM_ME: 0
SystemInformation:
  OSName: Ubuntu 20.04.3 LTS
  Kernel: 5.4.0-100-generic
  Device: ""
  Processor: Intel(R) Xeon(R) Gold 6238R CPU @ 2.20GHz
  NumSockets: 2
  Manufacturer: GenuineIntel
  NumCores: 56
  NumLogicals: 112
  CPUFrequency: 2879
  Memory: 515658
  MemModuleInfo:
    iNumMemSticks: 0
Checksum: 1853856E24C57C654E405496A3CE89AFE3B8A4E6