BaselineInfo:
  WebDBID: -1
  TimeStamp: 20220301220539
Version:
  Major: 10
  Minor: 1
  Build: 1005
  SpecialBuildName: ""
  ptArchitecture: x86_64_linux
Results:
  Results Complete: true
  NumTestProcesses: 41
  CPU_INTEGER_MATH: 154330.47769999999
  CPU_FLOATINGPOINT_MATH: 127058.33397937857
  CPU_PRIME: 362832091.10440195
  CPU_SORTING: 96384104.985732421
  CPU_ENCRYPTION: 20530837177.59314
  CPU_COMPRESSION: 691231323.231866
  CPU_SINGLETHREAD: 2349.7695053565849
  CPU_PHYSICS: 4613.7558237712256
  CPU_MATRIX_MULT_SSE: 48334.454078229552
  CPU_mm: 4485.7965495562321
  CPU_sse: 19642.158539417363
  CPU_fma: 43352.037851436195
  CPU_avx: 52250.373124788224
  CPU_avx512: 78093.246797276443
  m_CPU_enc_SHA: 10945768472.221756
  m_CPU_enc_AES: 41026805945.120071
  m_CPU_enc_ECDSA: 9619937115.437624
  ME_ALLOC_S: 0
  ME_READ_S: 0
  ME_READ_L: 0
  ME_WRITE: 0
  ME_LARGE: 0
  ME_LATENCY: 0
  ME_THREADED: 0
  SUMM_CPU: 44327.790344739224
  SUMM_ME: 0
SystemInformation:
  OSName: Ubuntu 20.04.3 LTS
  Kernel: 5.4.0-100-generic
  Device: ""
  Processor: Intel(R) Xeon(R) Gold 6238R CPU @ 2.20GHz
  NumSockets: 2
  Manufacturer: GenuineIntel
  NumCores: 56
  NumLogicals: 112
  CPUFrequency: 1000
  Memory: 515658
  MemModuleInfo:
    iNumMemSticks: 0
Checksum: 1763AB4FAAD829D0825579FA6CFDF3A4C710CB5F