BaselineInfo:
  WebDBID: -1
  TimeStamp: 20220302003009
Version:
  Major: 10
  Minor: 1
  Build: 1005
  SpecialBuildName: ""
  ptArchitecture: x86_64_linux
Results:
  Results Complete: true
  NumTestProcesses: 59
  CPU_INTEGER_MATH: 200098.87754999998
  CPU_FLOATINGPOINT_MATH: 153446.95634229371
  CPU_PRIME: 376843391.97980475
  CPU_SORTING: 115150387.64965037
  CPU_ENCRYPTION: 26278540450.403542
  CPU_COMPRESSION: 851647736.36258245
  CPU_SINGLETHREAD: 2344.1011739320593
  CPU_PHYSICS: 4706.1760602621844
  CPU_MATRIX_MULT_SSE: 57240.004501763549
  CPU_mm: 4983.1614512110655
  CPU_sse: 21851.550115716262
  CPU_fma: 48922.220571972997
  CPU_avx: 62809.985703995917
  CPU_avx512: 95376.261615369018
  m_CPU_enc_SHA: 12627506005.50617
  m_CPU_enc_AES: 54345549679.425323
  m_CPU_enc_ECDSA: 11862565666.279099
  ME_ALLOC_S: 0
  ME_READ_S: 0
  ME_READ_L: 0
  ME_WRITE: 0
  ME_LARGE: 0
  ME_LATENCY: 0
  ME_THREADED: 0
  SUMM_CPU: 51133.135270609717
  SUMM_ME: 0
SystemInformation:
  OSName: Ubuntu 20.04.3 LTS
  Kernel: 5.4.0-100-generic
  Device: ""
  Processor: Intel(R) Xeon(R) Gold 6238R CPU @ 2.20GHz
  NumSockets: 2
  Manufacturer: GenuineIntel
  NumCores: 56
  NumLogicals: 112
  CPUFrequency: 1000
  Memory: 515658
  MemModuleInfo:
    iNumMemSticks: 0
Checksum: A8C878975B1C97D3D7A0A8E4B297996E810DB57F