BaselineInfo:
  WebDBID: -1
  TimeStamp: 20220302054109
Version:
  Major: 10
  Minor: 1
  Build: 1005
  SpecialBuildName: ""
  ptArchitecture: x86_64_linux
Results:
  Results Complete: true
  NumTestProcesses: 95
  CPU_INTEGER_MATH: 274764.36259999993
  CPU_FLOATINGPOINT_MATH: 183999.42132439066
  CPU_PRIME: 361960743.78817999
  CPU_SORTING: 144526181.86671481
  CPU_ENCRYPTION: 36196352696.975494
  CPU_COMPRESSION: 1119835377.0504525
  CPU_SINGLETHREAD: 2351.7145946916089
  CPU_PHYSICS: 4180.7333950689517
  CPU_MATRIX_MULT_SSE: 66034.975139915565
  CPU_mm: 8141.133784752923
  CPU_sse: 29683.822309363524
  CPU_fma: 56025.405534324629
  CPU_avx: 64498.741312998885
  CPU_avx512: 113931.93140297529
  m_CPU_enc_SHA: 12767342339.87245
  m_CPU_enc_AES: 84405984899.09024
  m_CPU_enc_ECDSA: 11415730851.963802
  ME_ALLOC_S: 0
  ME_READ_S: 0
  ME_READ_L: 0
  ME_WRITE: 0
  ME_LARGE: 0
  ME_LATENCY: 0
  ME_THREADED: 0
  SUMM_CPU: 59250.950554582349
  SUMM_ME: 0
SystemInformation:
  OSName: Ubuntu 20.04.3 LTS
  Kernel: 5.4.0-100-generic
  Device: ""
  Processor: Intel(R) Xeon(R) Gold 6238R CPU @ 2.20GHz
  NumSockets: 2
  Manufacturer: GenuineIntel
  NumCores: 56
  NumLogicals: 112
  CPUFrequency: 1000
  Memory: 515658
  MemModuleInfo:
    iNumMemSticks: 0
Checksum: 3F1216C387B57B1D8B63E78CEEB46DC3FE893B26