BaselineInfo:
  WebDBID: -1
  TimeStamp: 20220301183226
Version:
  Major: 10
  Minor: 1
  Build: 1005
  SpecialBuildName: ""
  ptArchitecture: x86_64_linux
Results:
  Results Complete: true
  NumTestProcesses: 14
  CPU_INTEGER_MATH: 62417.466749999992
  CPU_FLOATINGPOINT_MATH: 52183.807637240614
  CPU_PRIME: 202110724.46703213
  CPU_SORTING: 41270886.399905466
  CPU_ENCRYPTION: 8429073601.7087851
  CPU_COMPRESSION: 291713597.97904253
  CPU_SINGLETHREAD: 2349.5986121501232
  CPU_PHYSICS: 3019.8047246636079
  CPU_MATRIX_MULT_SSE: 22618.280971669137
  CPU_mm: 2904.0692174917303
  CPU_sse: 10500.423571519892
  CPU_fma: 18815.148947791444
  CPU_avx: 22644.058871560603
  CPU_avx512: 38513.492495804603
  m_CPU_enc_SHA: 4394397453.4242535
  m_CPU_enc_AES: 17014062035.891438
  m_CPU_enc_ECDSA: 3878761315.8106647
  ME_ALLOC_S: 0
  ME_READ_S: 0
  ME_READ_L: 0
  ME_WRITE: 0
  ME_LARGE: 0
  ME_LATENCY: 0
  ME_THREADED: 0
  SUMM_CPU: 22415.850461414717
  SUMM_ME: 0
SystemInformation:
  OSName: Ubuntu 20.04.3 LTS
  Kernel: 5.4.0-100-generic
  Device: ""
  Processor: Intel(R) Xeon(R) Gold 6238R CPU @ 2.20GHz
  NumSockets: 2
  Manufacturer: GenuineIntel
  NumCores: 56
  NumLogicals: 112
  CPUFrequency: 1000
  Memory: 515658
  MemModuleInfo:
    iNumMemSticks: 0
Checksum: B7CA2BADFF8C74B9BDD8E91FC6FF25213756004D