BaselineInfo:
  WebDBID: -1
  TimeStamp: 20220302004725
Version:
  Major: 10
  Minor: 1
  Build: 1005
  SpecialBuildName: ""
  ptArchitecture: x86_64_linux
Results:
  Results Complete: true
  NumTestProcesses: 61
  CPU_INTEGER_MATH: 203365.36035000003
  CPU_FLOATINGPOINT_MATH: 155782.24915221025
  CPU_PRIME: 382188757.94632244
  CPU_SORTING: 117603810.64642122
  CPU_ENCRYPTION: 26811702882.677765
  CPU_COMPRESSION: 878700312.574471
  CPU_SINGLETHREAD: 2351.8813056503927
  CPU_PHYSICS: 4701.4625272522826
  CPU_MATRIX_MULT_SSE: 59566.467400246285
  CPU_mm: 5455.400909465222
  CPU_sse: 23407.023363879951
  CPU_fma: 49826.47967436257
  CPU_avx: 63478.765035177865
  CPU_avx512: 101553.60152756471
  m_CPU_enc_SHA: 12648555880.5541
  m_CPU_enc_AES: 55985765878.469635
  m_CPU_enc_ECDSA: 11800786889.009565
  ME_ALLOC_S: 0
  ME_READ_S: 0
  ME_READ_L: 0
  ME_WRITE: 0
  ME_LARGE: 0
  ME_LATENCY: 0
  ME_THREADED: 0
  SUMM_CPU: 51960.56511063395
  SUMM_ME: 0
SystemInformation:
  OSName: Ubuntu 20.04.3 LTS
  Kernel: 5.4.0-100-generic
  Device: ""
  Processor: Intel(R) Xeon(R) Gold 6238R CPU @ 2.20GHz
  NumSockets: 2
  Manufacturer: GenuineIntel
  NumCores: 56
  NumLogicals: 112
  CPUFrequency: 1000
  Memory: 515658
  MemModuleInfo:
    iNumMemSticks: 0
Checksum: 8C9FB81C282F7E1804BED0E4813E50AA4F5228FE