BaselineInfo:
  WebDBID: -1
  TimeStamp: 20220301225305
Version:
  Major: 10
  Minor: 1
  Build: 1005
  SpecialBuildName: ""
  ptArchitecture: x86_64_linux
Results:
  Results Complete: true
  NumTestProcesses: 47
  CPU_INTEGER_MATH: 169562.95259999999
  CPU_FLOATINGPOINT_MATH: 136552.45838828071
  CPU_PRIME: 368767610.42133063
  CPU_SORTING: 104015229.36734752
  CPU_ENCRYPTION: 22322477358.259956
  CPU_COMPRESSION: 747388964.11408639
  CPU_SINGLETHREAD: 2348.7109755751835
  CPU_PHYSICS: 4708.5202000328773
  CPU_MATRIX_MULT_SSE: 52603.77741531864
  CPU_mm: 4505.2191980484722
  CPU_sse: 20541.733240380705
  CPU_fma: 45649.421916207502
  CPU_avx: 56755.477089077925
  CPU_avx512: 87468.477415608402
  m_CPU_enc_SHA: 11634384855.840731
  m_CPU_enc_AES: 44898520934.820732
  m_CPU_enc_ECDSA: 10434526284.118408
  ME_ALLOC_S: 0
  ME_READ_S: 0
  ME_READ_L: 0
  ME_WRITE: 0
  ME_LARGE: 0
  ME_LATENCY: 0
  ME_THREADED: 0
  SUMM_CPU: 46887.96724325059
  SUMM_ME: 0
SystemInformation:
  OSName: Ubuntu 20.04.3 LTS
  Kernel: 5.4.0-100-generic
  Device: ""
  Processor: Intel(R) Xeon(R) Gold 6238R CPU @ 2.20GHz
  NumSockets: 2
  Manufacturer: GenuineIntel
  NumCores: 56
  NumLogicals: 112
  CPUFrequency: 1000
  Memory: 515658
  MemModuleInfo:
    iNumMemSticks: 0
Checksum: 8C96A10D4A175165A2BA0144C7215F4F05B2DF88