BaselineInfo:
  WebDBID: -1
  TimeStamp: 20220302074215
Version:
  Major: 10
  Minor: 1
  Build: 1005
  SpecialBuildName: ""
  ptArchitecture: x86_64_linux
Results:
  Results Complete: true
  NumTestProcesses: 109
  CPU_INTEGER_MATH: 300580.91755000001
  CPU_FLOATINGPOINT_MATH: 188883.78701451467
  CPU_PRIME: 332435592.98612702
  CPU_SORTING: 149801753.40651461
  CPU_ENCRYPTION: 38290750809.67627
  CPU_COMPRESSION: 1192064348.1334209
  CPU_SINGLETHREAD: 2346.3983208195245
  CPU_PHYSICS: 3889.4255167830943
  CPU_MATRIX_MULT_SSE: 67350.176731609594
  CPU_mm: 8080.3791805644323
  CPU_sse: 29755.76835958994
  CPU_fma: 56619.747837014562
  CPU_avx: 64770.280272928125
  CPU_avx512: 118254.91045690581
  m_CPU_enc_SHA: 12545553160.707035
  m_CPU_enc_AES: 91033099724.159729
  m_CPU_enc_ECDSA: 11293599544.16201
  ME_ALLOC_S: 0
  ME_READ_S: 0
  ME_READ_L: 0
  ME_WRITE: 0
  ME_LARGE: 0
  ME_LATENCY: 0
  ME_THREADED: 0
  SUMM_CPU: 60454.244661749872
  SUMM_ME: 0
SystemInformation:
  OSName: Ubuntu 20.04.3 LTS
  Kernel: 5.4.0-100-generic
  Device: ""
  Processor: Intel(R) Xeon(R) Gold 6238R CPU @ 2.20GHz
  NumSockets: 2
  Manufacturer: GenuineIntel
  NumCores: 56
  NumLogicals: 112
  CPUFrequency: 1000
  Memory: 515658
  MemModuleInfo:
    iNumMemSticks: 0
Checksum: AC618D5C98BB8A7D493FC4F6907779F2A6D1CFE4