BaselineInfo:
  WebDBID: -1
  TimeStamp: 20220302032252
Version:
  Major: 10
  Minor: 1
  Build: 1005
  SpecialBuildName: ""
  ptArchitecture: x86_64_linux
Results:
  Results Complete: true
  NumTestProcesses: 79
  CPU_INTEGER_MATH: 244393.89605000004
  CPU_FLOATINGPOINT_MATH: 176463.98623405016
  CPU_PRIME: 389880895.55373096
  CPU_SORTING: 135323141.79619539
  CPU_ENCRYPTION: 31967527337.728424
  CPU_COMPRESSION: 1030872740.1847391
  CPU_SINGLETHREAD: 2344.4723821900052
  CPU_PHYSICS: 4546.7121279593648
  CPU_MATRIX_MULT_SSE: 64507.877046033558
  CPU_mm: 7831.0979504231927
  CPU_sse: 29391.166515401172
  CPU_fma: 55337.222027064527
  CPU_avx: 64050.84325211434
  CPU_avx512: 109252.27638955406
  m_CPU_enc_SHA: 13033888986.678757
  m_CPU_enc_AES: 71256925754.983383
  m_CPU_enc_ECDSA: 11611767271.52314
  ME_ALLOC_S: 0
  ME_READ_S: 0
  ME_READ_L: 0
  ME_WRITE: 0
  ME_LARGE: 0
  ME_LATENCY: 0
  ME_THREADED: 0
  SUMM_CPU: 56822.829587840679
  SUMM_ME: 0
SystemInformation:
  OSName: Ubuntu 20.04.3 LTS
  Kernel: 5.4.0-100-generic
  Device: ""
  Processor: Intel(R) Xeon(R) Gold 6238R CPU @ 2.20GHz
  NumSockets: 2
  Manufacturer: GenuineIntel
  NumCores: 56
  NumLogicals: 112
  CPUFrequency: 1000
  Memory: 515658
  MemModuleInfo:
    iNumMemSticks: 0
Checksum: 25C9A57EFF99A9901A0946E38FAB15A0BDEAE517