BaselineInfo:
  WebDBID: -1
  TimeStamp: 20220301195915
Version:
  Major: 10
  Minor: 1
  Build: 1005
  SpecialBuildName: ""
  ptArchitecture: x86_64_linux
Results:
  Results Complete: true
  NumTestProcesses: 25
  CPU_INTEGER_MATH: 108949.60295000001
  CPU_FLOATINGPOINT_MATH: 91356.175324041076
  CPU_PRIME: 311748523.53315061
  CPU_SORTING: 71139287.141499698
  CPU_ENCRYPTION: 14371625963.936062
  CPU_COMPRESSION: 506453683.44688022
  CPU_SINGLETHREAD: 2341.6154259571244
  CPU_PHYSICS: 4189.0996821022964
  CPU_MATRIX_MULT_SSE: 36021.828986943816
  CPU_mm: 4270.0786192194191
  CPU_sse: 16555.710212135356
  CPU_fma: 31856.206580355138
  CPU_avx: 37978.809843289266
  CPU_avx512: 57696.589311995522
  m_CPU_enc_SHA: 7839767542.8990002
  m_CPU_enc_AES: 28358345850.679958
  m_CPU_enc_ECDSA: 6916764498.2292242
  ME_ALLOC_S: 0
  ME_READ_S: 0
  ME_READ_L: 0
  ME_WRITE: 0
  ME_LARGE: 0
  ME_LATENCY: 0
  ME_THREADED: 0
  SUMM_CPU: 34806.404964691959
  SUMM_ME: 0
SystemInformation:
  OSName: Ubuntu 20.04.3 LTS
  Kernel: 5.4.0-100-generic
  Device: ""
  Processor: Intel(R) Xeon(R) Gold 6238R CPU @ 2.20GHz
  NumSockets: 2
  Manufacturer: GenuineIntel
  NumCores: 56
  NumLogicals: 112
  CPUFrequency: 1000
  Memory: 515658
  MemModuleInfo:
    iNumMemSticks: 0
Checksum: 39BE731A7CAC14D96CED41B678F4040BF3BC5BDF