BaselineInfo:
  WebDBID: -1
  TimeStamp: 20220302060706
Version:
  Major: 10
  Minor: 1
  Build: 1005
  SpecialBuildName: ""
  ptArchitecture: x86_64_linux
Results:
  Results Complete: true
  NumTestProcesses: 98
  CPU_INTEGER_MATH: 280234.21324999997
  CPU_FLOATINGPOINT_MATH: 185052.19543624279
  CPU_PRIME: 354965694.4358049
  CPU_SORTING: 145075382.73674619
  CPU_ENCRYPTION: 36645798694.871155
  CPU_COMPRESSION: 1140118558.2505059
  CPU_SINGLETHREAD: 2347.6970104318407
  CPU_PHYSICS: 4133.4321040461236
  CPU_MATRIX_MULT_SSE: 66228.920799326967
  CPU_mm: 8113.003644633226
  CPU_sse: 29680.401987803172
  CPU_fma: 56087.549174143642
  CPU_avx: 64493.659013497709
  CPU_avx512: 114654.07302186335
  m_CPU_enc_SHA: 12715129084.385239
  m_CPU_enc_AES: 85797763762.839294
  m_CPU_enc_ECDSA: 11424503237.38892
  ME_ALLOC_S: 0
  ME_READ_S: 0
  ME_READ_L: 0
  ME_WRITE: 0
  ME_LARGE: 0
  ME_LATENCY: 0
  ME_THREADED: 0
  SUMM_CPU: 59512.325751249205
  SUMM_ME: 0
SystemInformation:
  OSName: Ubuntu 20.04.3 LTS
  Kernel: 5.4.0-100-generic
  Device: ""
  Processor: Intel(R) Xeon(R) Gold 6238R CPU @ 2.20GHz
  NumSockets: 2
  Manufacturer: GenuineIntel
  NumCores: 56
  NumLogicals: 112
  CPUFrequency: 1000
  Memory: 515658
  MemModuleInfo:
    iNumMemSticks: 0
Checksum: EEDA71481117E85ECD6C30505E679345D2C394A1