BaselineInfo:
  WebDBID: -1
  TimeStamp: 20220301184813
Version:
  Major: 10
  Minor: 1
  Build: 1005
  SpecialBuildName: ""
  ptArchitecture: x86_64_linux
Results:
  Results Complete: true
  NumTestProcesses: 16
  CPU_INTEGER_MATH: 71321.385050000012
  CPU_FLOATINGPOINT_MATH: 59644.874817736803
  CPU_PRIME: 226287944.78619266
  CPU_SORTING: 47382727.22854314
  CPU_ENCRYPTION: 9626864798.0310631
  CPU_COMPRESSION: 333565221.89998066
  CPU_SINGLETHREAD: 2347.8067201316089
  CPU_PHYSICS: 3270.896330916481
  CPU_MATRIX_MULT_SSE: 25641.874261233905
  CPU_mm: 3234.6926338374724
  CPU_sse: 12037.822540635911
  CPU_fma: 21506.499692314883
  CPU_avx: 25905.424382636967
  CPU_avx512: 43117.750429347849
  m_CPU_enc_SHA: 5023526381.4108334
  m_CPU_enc_AES: 19421746550.320122
  m_CPU_enc_ECDSA: 4435321462.362236
  ME_ALLOC_S: 0
  ME_READ_S: 0
  ME_READ_L: 0
  ME_WRITE: 0
  ME_LARGE: 0
  ME_LATENCY: 0
  ME_THREADED: 0
  SUMM_CPU: 25085.141583141391
  SUMM_ME: 0
SystemInformation:
  OSName: Ubuntu 20.04.3 LTS
  Kernel: 5.4.0-100-generic
  Device: ""
  Processor: Intel(R) Xeon(R) Gold 6238R CPU @ 2.20GHz
  NumSockets: 2
  Manufacturer: GenuineIntel
  NumCores: 56
  NumLogicals: 112
  CPUFrequency: 1000
  Memory: 515658
  MemModuleInfo:
    iNumMemSticks: 0
Checksum: 4064463CB4BA214DD37DB299E4E92F52E0EEA407