BaselineInfo:
  WebDBID: -1
  TimeStamp: 20220302010441
Version:
  Major: 10
  Minor: 1
  Build: 1005
  SpecialBuildName: ""
  ptArchitecture: x86_64_linux
Results:
  Results Complete: true
  NumTestProcesses: 63
  CPU_INTEGER_MATH: 209770.81705000004
  CPU_FLOATINGPOINT_MATH: 160435.94227425053
  CPU_PRIME: 388041726.63849843
  CPU_SORTING: 121249238.37240039
  CPU_ENCRYPTION: 27666963287.45974
  CPU_COMPRESSION: 904715727.29858494
  CPU_SINGLETHREAD: 2340.8905690509791
  CPU_PHYSICS: 4613.1649954321183
  CPU_MATRIX_MULT_SSE: 60914.408074707688
  CPU_mm: 6117.9630124181358
  CPU_sse: 25129.280509798111
  CPU_fma: 52314.315295279885
  CPU_avx: 63705.205508871346
  CPU_avx512: 102508.83098488147
  m_CPU_enc_SHA: 12841165433.419378
  m_CPU_enc_AES: 58514924715.271126
  m_CPU_enc_ECDSA: 11644799713.688717
  ME_ALLOC_S: 0
  ME_READ_S: 0
  ME_READ_L: 0
  ME_WRITE: 0
  ME_LARGE: 0
  ME_LATENCY: 0
  ME_THREADED: 0
  SUMM_CPU: 52823.878080268791
  SUMM_ME: 0
SystemInformation:
  OSName: Ubuntu 20.04.3 LTS
  Kernel: 5.4.0-100-generic
  Device: ""
  Processor: Intel(R) Xeon(R) Gold 6238R CPU @ 2.20GHz
  NumSockets: 2
  Manufacturer: GenuineIntel
  NumCores: 56
  NumLogicals: 112
  CPUFrequency: 1000
  Memory: 515658
  MemModuleInfo:
    iNumMemSticks: 0
Checksum: 9B4F98497E88936F9F82FBC04D64B1EB1D1B3FA3