BaselineInfo:
  WebDBID: -1
  TimeStamp: 20220224124948
Version:
  Major: 10
  Minor: 2
  Build: 1000
  SpecialBuildName: ""
  ptArchitecture: armv7l_linux
Results:
  Results Complete: true
  NumTestProcesses: 3
  CPU_INTEGER_MATH: 2415.5619999999999
  CPU_FLOATINGPOINT_MATH: 2495.2794528210729
  CPU_PRIME: 0.78813996970188016
  CPU_SORTING: 1534.1743728390534
  CPU_ENCRYPTION: 229.26397193683272
  CPU_COMPRESSION: 16978.655215120278
  CPU_SINGLETHREAD: 547.44541341881302
  CPU_PHYSICS: 71.401597922805095
  CPU_MATRIX_MULT_SSE: 499.17275776460951
  CPU_mm: 135.34595762294038
  CPU_sse: 357.67849426331009
  CPU_fma: 640.66702126590883
  CPU_avx: 0
  CPU_avx512: 0
  m_CPU_enc_SHA: 266407040.45311385
  m_CPU_enc_AES: 235593739.10523769
  m_CPU_enc_ECDSA: 219201316.35455739
  ME_ALLOC_S: 0
  ME_READ_S: 0
  ME_READ_L: 0
  ME_WRITE: 0
  ME_LARGE: 0
  ME_LATENCY: 0
  ME_THREADED: 0
  SUMM_CPU: 718.79152544164265
  SUMM_ME: 0
SystemInformation:
  OSName: Raspbian GNU/Linux 10 (buster)
  Kernel: 5.10.63-v7l+
  Device: Raspberry Pi 4 Model B Rev 1.1
  Processor: ARM Cortex-A72 4 Core 1500 MHz
  NumSockets: 1
  Manufacturer: ARM
  NumCores: 4
  NumLogicals: 4
  CPUFrequency: 1500
  Memory: 3652
Checksum: C1FA4469D9EDA64FC5EA0B0656D45606EDD10831