BaselineInfo:
  WebDBID: -1
  TimeStamp: 20220224123342
Version:
  Major: 10
  Minor: 2
  Build: 1000
  SpecialBuildName: ""
  ptArchitecture: armv7l_linux
Results:
  Results Complete: true
  NumTestProcesses: 1
  CPU_INTEGER_MATH: 835.95399999999995
  CPU_FLOATINGPOINT_MATH: 832.86297970405576
  CPU_PRIME: 0.27483703525313541
  CPU_SORTING: 551.57594441872618
  CPU_ENCRYPTION: 76.521559544233341
  CPU_COMPRESSION: 5824.8133946780399
  CPU_SINGLETHREAD: 546.82929476444997
  CPU_PHYSICS: 43.962939309074045
  CPU_MATRIX_MULT_SSE: 166.45977825992207
  CPU_mm: 45.173557708498961
  CPU_sse: 119.44781142804331
  CPU_fma: 213.47174509180084
  CPU_avx: 0
  CPU_avx512: 0
  m_CPU_enc_SHA: 88969848.408438772
  m_CPU_enc_AES: 78774297.160054296
  m_CPU_enc_ECDSA: 72971866.893468976
  ME_ALLOC_S: 0
  ME_READ_S: 0
  ME_READ_L: 0
  ME_WRITE: 0
  ME_LARGE: 0
  ME_LATENCY: 0
  ME_THREADED: 0
  SUMM_CPU: 252.787942743039
  SUMM_ME: 0
SystemInformation:
  OSName: Raspbian GNU/Linux 10 (buster)
  Kernel: 5.10.63-v7l+
  Device: Raspberry Pi 4 Model B Rev 1.1
  Processor: ARM Cortex-A72 4 Core 1500 MHz
  NumSockets: 1
  Manufacturer: ARM
  NumCores: 4
  NumLogicals: 4
  CPUFrequency: 1500
  Memory: 3652
Checksum: 8C973D752DBEDECEC5D71307F1DD376D1CD31014