BaselineInfo:
  WebDBID: -1
  TimeStamp: 20220224124145
Version:
  Major: 10
  Minor: 2
  Build: 1000
  SpecialBuildName: ""
  ptArchitecture: armv7l_linux
Results:
  Results Complete: true
  NumTestProcesses: 2
  CPU_INTEGER_MATH: 1655.3082000000002
  CPU_FLOATINGPOINT_MATH: 1665.7397097672581
  CPU_PRIME: 0.52927485259713214
  CPU_SORTING: 1072.5114854574267
  CPU_ENCRYPTION: 152.99336395837125
  CPU_COMPRESSION: 11542.839845869004
  CPU_SINGLETHREAD: 547.40307725730008
  CPU_PHYSICS: 63.992927537798693
  CPU_MATRIX_MULT_SSE: 333.14639173089449
  CPU_mm: 90.342160164097294
  CPU_sse: 239.03250360717783
  CPU_fma: 427.2602798546111
  CPU_avx: 0
  CPU_avx512: 0
  m_CPU_enc_SHA: 177927299.40625322
  m_CPU_enc_AES: 157320655.63070905
  m_CPU_enc_ECDSA: 146027553.78107694
  ME_ALLOC_S: 0
  ME_READ_S: 0
  ME_READ_L: 0
  ME_WRITE: 0
  ME_LARGE: 0
  ME_LATENCY: 0
  ME_THREADED: 0
  SUMM_CPU: 492.33380042203095
  SUMM_ME: 0
SystemInformation:
  OSName: Raspbian GNU/Linux 10 (buster)
  Kernel: 5.10.63-v7l+
  Device: Raspberry Pi 4 Model B Rev 1.1
  Processor: ARM Cortex-A72 4 Core 1500 MHz
  NumSockets: 1
  Manufacturer: ARM
  NumCores: 4
  NumLogicals: 4
  CPUFrequency: 1500
  Memory: 3652
Checksum: 74BF63796E71D3DC89E8F3CD10452EC38191166E