BaselineInfo:
  WebDBID: -1
  TimeStamp: 20220224125755
Version:
  Major: 10
  Minor: 2
  Build: 1000
  SpecialBuildName: ""
  ptArchitecture: armv7l_linux
Results:
  Results Complete: true
  NumTestProcesses: 4
  CPU_INTEGER_MATH: 3285.8445000000002
  CPU_FLOATINGPOINT_MATH: 3288.4572061633503
  CPU_PRIME: 0.99776381236750011
  CPU_SORTING: 1870.4492533585803
  CPU_ENCRYPTION: 305.13800147115558
  CPU_COMPRESSION: 21733.493187725689
  CPU_SINGLETHREAD: 546.91476916183979
  CPU_PHYSICS: 72.672892026379458
  CPU_MATRIX_MULT_SSE: 666.07371228738191
  CPU_mm: 180.50266922497954
  CPU_sse: 477.89035230676927
  CPU_fma: 854.25707226799432
  CPU_avx: 0
  CPU_avx512: 0
  m_CPU_enc_SHA: 354805886.3055948
  m_CPU_enc_AES: 313838489.1727038
  m_CPU_enc_ECDSA: 291236779.61355656
  ME_ALLOC_S: 0
  ME_READ_S: 0
  ME_READ_L: 0
  ME_WRITE: 0
  ME_LARGE: 0
  ME_LATENCY: 0
  ME_THREADED: 0
  SUMM_CPU: 923.04870162474992
  SUMM_ME: 0
SystemInformation:
  OSName: Raspbian GNU/Linux 10 (buster)
  Kernel: 5.10.63-v7l+
  Device: Raspberry Pi 4 Model B Rev 1.1
  Processor: ARM Cortex-A72 4 Core 1500 MHz
  NumSockets: 1
  Manufacturer: ARM
  NumCores: 4
  NumLogicals: 4
  CPUFrequency: 1500
  Memory: 3652
Checksum: 7D01837996C25B9233D9B0EBD2EA3D755E4B8916