BaselineInfo:
  WebDBID: -1
  TimeStamp: 20211207091556
Version:
  Major: 10
  Minor: 1
  Build: 1005
  SpecialBuildName: ""
  ptArchitecture: x86_64_linux
Results:
  Results Complete: true
  NumTestProcesses: 2
  CPU_INTEGER_MATH: 8158.8833500000001
  CPU_FLOATINGPOINT_MATH: 6819.208786067722
  CPU_PRIME: 19294603.189391367
  CPU_SORTING: 4074494.1557519892
  CPU_ENCRYPTION: 1076898663.0790324
  CPU_COMPRESSION: 35430219.290361501
  CPU_SINGLETHREAD: 1915.8599625848169
  CPU_PHYSICS: 301.83686884584398
  CPU_MATRIX_MULT_SSE: 1992.0533617370058
  CPU_mm: 360.36350740433568
  CPU_sse: 1260.8535029696213
  CPU_fma: 2271.0289340755644
  CPU_avx: 2444.277648165832
  CPU_avx512: 0
  m_CPU_enc_SHA: 560830585.87133086
  m_CPU_enc_AES: 2193518354.1687841
  m_CPU_enc_ECDSA: 476347049.1969822
  ME_ALLOC_S: 0
  ME_READ_S: 0
  ME_READ_L: 0
  ME_WRITE: 0
  ME_LARGE: 0
  ME_LATENCY: 0
  ME_THREADED: 0
  SUMM_CPU: 2937.7386773270482
  SUMM_ME: 0
SystemInformation:
  OSName: Ubuntu 20.04.3 LTS
  Kernel: 5.11.0-41-generic
  Device: ""
  Processor: Intel(R) Core(TM) i5-8250U CPU @ 1.60GHz
  NumSockets: 1
  Manufacturer: GenuineIntel
  NumCores: 4
  NumLogicals: 8
  CPUFrequency: 3400
  Memory: 7838
  MemModuleInfo:
    iNumMemSticks: 0
Checksum: 1C6A327237250EBE5A1ECD6F672605CF59D77F7F