BaselineInfo:
  WebDBID: -1
  TimeStamp: 20211207093044
Version:
  Major: 10
  Minor: 1
  Build: 1005
  SpecialBuildName: ""
  ptArchitecture: x86_64_linux
Results:
  Results Complete: true
  NumTestProcesses: 4
  CPU_INTEGER_MATH: 15646.08185
  CPU_FLOATINGPOINT_MATH: 11401.968039753054
  CPU_PRIME: 21125027.476669796
  CPU_SORTING: 6316812.9944727803
  CPU_ENCRYPTION: 1561695148.4442463
  CPU_COMPRESSION: 55973278.798302047
  CPU_SINGLETHREAD: 1923.8274675265527
  CPU_PHYSICS: 412.7015148336161
  CPU_MATRIX_MULT_SSE: 2980.5248732177097
  CPU_mm: 464.37206403092813
  CPU_sse: 1822.2423285263164
  CPU_fma: 3405.4605628847339
  CPU_avx: 3713.8717282420794
  CPU_avx512: 0
  m_CPU_enc_SHA: 733866250.15209544
  m_CPU_enc_AES: 3281641005.9705968
  m_CPU_enc_ECDSA: 669578189.21004629
  ME_ALLOC_S: 0
  ME_READ_S: 0
  ME_READ_L: 0
  ME_WRITE: 0
  ME_LARGE: 0
  ME_LATENCY: 0
  ME_THREADED: 0
  SUMM_CPU: 4515.3191364115955
  SUMM_ME: 0
SystemInformation:
  OSName: Ubuntu 20.04.3 LTS
  Kernel: 5.11.0-41-generic
  Device: ""
  Processor: Intel(R) Core(TM) i5-8250U CPU @ 1.60GHz
  NumSockets: 1
  Manufacturer: GenuineIntel
  NumCores: 4
  NumLogicals: 8
  CPUFrequency: 3400
  Memory: 7838
  MemModuleInfo:
    iNumMemSticks: 0
Checksum: 5649576529C367ED3E54D173DDFD55A6147DAE4D