BaselineInfo:
  WebDBID: -1
  TimeStamp: 20211207100317
Version:
  Major: 10
  Minor: 1
  Build: 1005
  SpecialBuildName: ""
  ptArchitecture: x86_64_linux
Results:
  Results Complete: true
  NumTestProcesses: 8
  CPU_INTEGER_MATH: 22325.793800000003
  CPU_FLOATINGPOINT_MATH: 12836.847481791012
  CPU_PRIME: 18271174.574873298
  CPU_SORTING: 8871356.7737821564
  CPU_ENCRYPTION: 2566733486.5820179
  CPU_COMPRESSION: 76189962.365520328
  CPU_SINGLETHREAD: 1917.3902743887872
  CPU_PHYSICS: 447.78138509539804
  CPU_MATRIX_MULT_SSE: 3225.3609811775532
  CPU_mm: 531.49954165714519
  CPU_sse: 1927.6972436051904
  CPU_fma: 3678.1425399238396
  CPU_avx: 4070.2431600036289
  CPU_avx512: 0
  m_CPU_enc_SHA: 811734400.03404403
  m_CPU_enc_AES: 6160666254.5973673
  m_CPU_enc_ECDSA: 727799805.11464226
  ME_ALLOC_S: 0
  ME_READ_S: 0
  ME_READ_L: 0
  ME_WRITE: 0
  ME_LARGE: 0
  ME_LATENCY: 0
  ME_THREADED: 0
  SUMM_CPU: 5822.3478188669751
  SUMM_ME: 0
SystemInformation:
  OSName: Ubuntu 20.04.3 LTS
  Kernel: 5.11.0-41-generic
  Device: ""
  Processor: Intel(R) Core(TM) i5-8250U CPU @ 1.60GHz
  NumSockets: 1
  Manufacturer: GenuineIntel
  NumCores: 4
  NumLogicals: 8
  CPUFrequency: 3400
  Memory: 7838
  MemModuleInfo:
    iNumMemSticks: 0
Checksum: CC36DA486B25FD8B8E03CB89BDB8D1E7219C02DB