BaselineInfo:
  WebDBID: -1
  TimeStamp: 20211207094700
Version:
  Major: 10
  Minor: 1
  Build: 1005
  SpecialBuildName: ""
  ptArchitecture: x86_64_linux
Results:
  Results Complete: true
  NumTestProcesses: 6
  CPU_INTEGER_MATH: 19077.806499999999
  CPU_FLOATINGPOINT_MATH: 12034.905696998565
  CPU_PRIME: 19283563.752803888
  CPU_SORTING: 7737205.8740554135
  CPU_ENCRYPTION: 2203786789.1055565
  CPU_COMPRESSION: 66247776.390571378
  CPU_SINGLETHREAD: 1933.5107513125201
  CPU_PHYSICS: 459.29902009354282
  CPU_MATRIX_MULT_SSE: 3082.2794189575925
  CPU_mm: 554.32629755841481
  CPU_sse: 1786.6814587356275
  CPU_fma: 3599.4751297371181
  CPU_avx: 3860.6816684000332
  CPU_avx512: 0
  m_CPU_enc_SHA: 812029767.63992524
  m_CPU_enc_AES: 5102923358.4993172
  m_CPU_enc_ECDSA: 696407241.17742705
  ME_ALLOC_S: 0
  ME_READ_S: 0
  ME_READ_L: 0
  ME_WRITE: 0
  ME_LARGE: 0
  ME_LATENCY: 0
  ME_THREADED: 0
  SUMM_CPU: 5298.6223198242596
  SUMM_ME: 0
SystemInformation:
  OSName: Ubuntu 20.04.3 LTS
  Kernel: 5.11.0-41-generic
  Device: ""
  Processor: Intel(R) Core(TM) i5-8250U CPU @ 1.60GHz
  NumSockets: 1
  Manufacturer: GenuineIntel
  NumCores: 4
  NumLogicals: 8
  CPUFrequency: 3400
  Memory: 7838
  MemModuleInfo:
    iNumMemSticks: 0
Checksum: 0ED3284E43E0E709E1890CF27AF96BB15DBA1ECC