BaselineInfo:
  WebDBID: -1
  TimeStamp: 20211207095508
Version:
  Major: 10
  Minor: 1
  Build: 1005
  SpecialBuildName: ""
  ptArchitecture: x86_64_linux
Results:
  Results Complete: true
  NumTestProcesses: 7
  CPU_INTEGER_MATH: 20666.587699999996
  CPU_FLOATINGPOINT_MATH: 12270.473695674043
  CPU_PRIME: 18342388.088982776
  CPU_SORTING: 8401725.7091568224
  CPU_ENCRYPTION: 2388373773.435885
  CPU_COMPRESSION: 71250616.353659183
  CPU_SINGLETHREAD: 1921.1202422102929
  CPU_PHYSICS: 456.11067381447469
  CPU_MATRIX_MULT_SSE: 3091.7803163439512
  CPU_mm: 499.30336988012061
  CPU_sse: 1790.0077391302898
  CPU_fma: 3545.9305178461773
  CPU_avx: 3939.4026920553879
  CPU_avx512: 0
  m_CPU_enc_SHA: 767833603.82352769
  m_CPU_enc_AES: 5651429277.0510817
  m_CPU_enc_ECDSA: 745858439.43304646
  ME_ALLOC_S: 0
  ME_READ_S: 0
  ME_READ_L: 0
  ME_WRITE: 0
  ME_LARGE: 0
  ME_LATENCY: 0
  ME_THREADED: 0
  SUMM_CPU: 5541.3418026025338
  SUMM_ME: 0
SystemInformation:
  OSName: Ubuntu 20.04.3 LTS
  Kernel: 5.11.0-41-generic
  Device: ""
  Processor: Intel(R) Core(TM) i5-8250U CPU @ 1.60GHz
  NumSockets: 1
  Manufacturer: GenuineIntel
  NumCores: 4
  NumLogicals: 8
  CPUFrequency: 3400
  Memory: 7838
  MemModuleInfo:
    iNumMemSticks: 0
Checksum: 30D0A9B36AB674C3CB74E2445221A59D9EC8336A