BaselineInfo:
  WebDBID: -1
  TimeStamp: 20211207093852
Version:
  Major: 10
  Minor: 1
  Build: 1005
  SpecialBuildName: ""
  ptArchitecture: x86_64_linux
Results:
  Results Complete: true
  NumTestProcesses: 5
  CPU_INTEGER_MATH: 17421.440399999999
  CPU_FLOATINGPOINT_MATH: 11679.29797933559
  CPU_PRIME: 20350802.446918562
  CPU_SORTING: 7118618.0212575514
  CPU_ENCRYPTION: 1961072757.5146465
  CPU_COMPRESSION: 60838130.163952835
  CPU_SINGLETHREAD: 1931.6762418210278
  CPU_PHYSICS: 440.06199460275445
  CPU_MATRIX_MULT_SSE: 3024.3188793924073
  CPU_mm: 557.22209268751794
  CPU_sse: 1798.6304073537181
  CPU_fma: 3516.8891424719282
  CPU_avx: 3757.4370883515744
  CPU_avx512: 0
  m_CPU_enc_SHA: 850954102.76977706
  m_CPU_enc_AES: 4312496085.9114656
  m_CPU_enc_ECDSA: 719768083.86269557
  ME_ALLOC_S: 0
  ME_READ_S: 0
  ME_READ_L: 0
  ME_WRITE: 0
  ME_LARGE: 0
  ME_LATENCY: 0
  ME_THREADED: 0
  SUMM_CPU: 4974.9621556474985
  SUMM_ME: 0
SystemInformation:
  OSName: Ubuntu 20.04.3 LTS
  Kernel: 5.11.0-41-generic
  Device: ""
  Processor: Intel(R) Core(TM) i5-8250U CPU @ 1.60GHz
  NumSockets: 1
  Manufacturer: GenuineIntel
  NumCores: 4
  NumLogicals: 8
  CPUFrequency: 3400
  Memory: 7838
  MemModuleInfo:
    iNumMemSticks: 0
Checksum: C49EFAA56DB2E03CACA309A16DE4154CC56F5024