BaselineInfo:
  WebDBID: -1
  TimeStamp: 20211207090832
Version:
  Major: 10
  Minor: 1
  Build: 1005
  SpecialBuildName: ""
  ptArchitecture: x86_64_linux
Results:
  Results Complete: true
  NumTestProcesses: 1
  CPU_INTEGER_MATH: 4095.0989499999996
  CPU_FLOATINGPOINT_MATH: 3426.4433695050875
  CPU_PRIME: 13622912.748204231
  CPU_SORTING: 2079095.8347442062
  CPU_ENCRYPTION: 550666692.56207013
  CPU_COMPRESSION: 18668047.134562813
  CPU_SINGLETHREAD: 1920.3530030430707
  CPU_PHYSICS: 202.18398470776381
  CPU_MATRIX_MULT_SSE: 1130.9037418902217
  CPU_mm: 184.32009768464781
  CPU_sse: 668.47833010940803
  CPU_fma: 1306.5590781286769
  CPU_avx: 1417.6738174325806
  CPU_avx512: 0
  m_CPU_enc_SHA: 286804181.19257689
  m_CPU_enc_AES: 1115309057.5362878
  m_CPU_enc_ECDSA: 249886838.95734569
  ME_ALLOC_S: 0
  ME_READ_S: 0
  ME_READ_L: 0
  ME_WRITE: 0
  ME_LARGE: 0
  ME_LATENCY: 0
  ME_THREADED: 0
  SUMM_CPU: 1566.7041078553998
  SUMM_ME: 0
SystemInformation:
  OSName: Ubuntu 20.04.3 LTS
  Kernel: 5.11.0-41-generic
  Device: ""
  Processor: Intel(R) Core(TM) i5-8250U CPU @ 1.60GHz
  NumSockets: 1
  Manufacturer: GenuineIntel
  NumCores: 4
  NumLogicals: 8
  CPUFrequency: 3400
  Memory: 7838
  MemModuleInfo:
    iNumMemSticks: 0
Checksum: 027FE7D0A0EE8A64994D7A6769880F7748BEDDC9