BaselineInfo:
  WebDBID: -1
  TimeStamp: 20211207092320
Version:
  Major: 10
  Minor: 1
  Build: 1005
  SpecialBuildName: ""
  ptArchitecture: x86_64_linux
Results:
  Results Complete: true
  NumTestProcesses: 3
  CPU_INTEGER_MATH: 12222.060699999998
  CPU_FLOATINGPOINT_MATH: 9710.9895904427249
  CPU_PRIME: 20438749.624989867
  CPU_SORTING: 5423292.6267072074
  CPU_ENCRYPTION: 1456051190.5593238
  CPU_COMPRESSION: 46724554.035989009
  CPU_SINGLETHREAD: 1918.6305938716314
  CPU_PHYSICS: 359.64787995240863
  CPU_MATRIX_MULT_SSE: 2593.6788592091957
  CPU_mm: 509.38959768666774
  CPU_sse: 1591.2548947371247
  CPU_fma: 2907.6790354937625
  CPU_avx: 3282.1026473967004
  CPU_avx512: 0
  m_CPU_enc_SHA: 725102996.20013011
  m_CPU_enc_AES: 3028152053.2561579
  m_CPU_enc_ECDSA: 614898522.22168326
  ME_ALLOC_S: 0
  ME_READ_S: 0
  ME_READ_L: 0
  ME_WRITE: 0
  ME_LARGE: 0
  ME_LATENCY: 0
  ME_THREADED: 0
  SUMM_CPU: 3925.9171664482205
  SUMM_ME: 0
SystemInformation:
  OSName: Ubuntu 20.04.3 LTS
  Kernel: 5.11.0-41-generic
  Device: ""
  Processor: Intel(R) Core(TM) i5-8250U CPU @ 1.60GHz
  NumSockets: 1
  Manufacturer: GenuineIntel
  NumCores: 4
  NumLogicals: 8
  CPUFrequency: 3400
  Memory: 7838
  MemModuleInfo:
    iNumMemSticks: 0
Checksum: BDC56AE8E043AD37C900E2355D43106C83C04D83