BaselineInfo:
  WebDBID: -1
  TimeStamp: 20211207112412
Version:
  Major: 10
  Minor: 1
  Build: 1005
  SpecialBuildName: ""
  ptArchitecture: x86_64_linux
Results:
  Results Complete: true
  NumTestProcesses: 7
  CPU_INTEGER_MATH: 24524.560849999998
  CPU_FLOATINGPOINT_MATH: 15924.261148552938
  CPU_PRIME: 26313176.842135921
  CPU_SORTING: 12036922.73683292
  CPU_ENCRYPTION: 3520419151.2804337
  CPU_COMPRESSION: 109340961.72633231
  CPU_SINGLETHREAD: 2118.9089244238094
  CPU_PHYSICS: 569.61092449585283
  CPU_MATRIX_MULT_SSE: 4851.4191199775341
  CPU_mm: 812.15806529422787
  CPU_sse: 3050.3698368831697
  CPU_fma: 5753.4890465159342
  CPU_avx: 5750.3984765334972
  CPU_avx512: 0
  m_CPU_enc_SHA: 1172326086.5552199
  m_CPU_enc_AES: 8330107212.160038
  m_CPU_enc_ECDSA: 1058824155.126044
  ME_ALLOC_S: 0
  ME_READ_S: 0
  ME_READ_L: 0
  ME_WRITE: 0
  ME_LARGE: 0
  ME_LATENCY: 0
  ME_THREADED: 0
  SUMM_CPU: 7737.687103892762
  SUMM_ME: 0
SystemInformation:
  OSName: Ubuntu 20.04.3 LTS
  Kernel: 5.11.0-41-generic
  Device: ""
  Processor: Intel(R) Core(TM) i7-6700 CPU @ 3.40GHz
  NumSockets: 1
  Manufacturer: GenuineIntel
  NumCores: 4
  NumLogicals: 8
  CPUFrequency: 4000
  Memory: 31990
  MemModuleInfo:
    iNumMemSticks: 0
Checksum: A5D2725D43F1F6C4C89A445CCBC15456459C5083