BaselineInfo:
  WebDBID: -1
  TimeStamp: 20211207104506
Version:
  Major: 10
  Minor: 1
  Build: 1005
  SpecialBuildName: ""
  ptArchitecture: x86_64_linux
Results:
  Results Complete: true
  NumTestProcesses: 2
  CPU_INTEGER_MATH: 9064.8539999999994
  CPU_FLOATINGPOINT_MATH: 7577.5790233499711
  CPU_PRIME: 27165142.775448404
  CPU_SORTING: 4577927.5046584867
  CPU_ENCRYPTION: 1219462517.5436382
  CPU_COMPRESSION: 41833023.552107051
  CPU_SINGLETHREAD: 2145.3907462478692
  CPU_PHYSICS: 359.67616587772596
  CPU_MATRIX_MULT_SSE: 2532.4286465226114
  CPU_mm: 436.46621171694892
  CPU_sse: 1579.82719937911
  CPU_fma: 2875.6451678331978
  CPU_avx: 3141.813572355526
  CPU_avx512: 0
  m_CPU_enc_SHA: 637915790.60160828
  m_CPU_enc_AES: 2466900757.1284227
  m_CPU_enc_ECDSA: 553571004.90088356
  ME_ALLOC_S: 0
  ME_READ_S: 0
  ME_READ_L: 0
  ME_WRITE: 0
  ME_LARGE: 0
  ME_LATENCY: 0
  ME_THREADED: 0
  SUMM_CPU: 3405.7555149293289
  SUMM_ME: 0
SystemInformation:
  OSName: Ubuntu 20.04.3 LTS
  Kernel: 5.11.0-41-generic
  Device: ""
  Processor: Intel(R) Core(TM) i7-6700 CPU @ 3.40GHz
  NumSockets: 1
  Manufacturer: GenuineIntel
  NumCores: 4
  NumLogicals: 8
  CPUFrequency: 4000
  Memory: 31990
  MemModuleInfo:
    iNumMemSticks: 0
Checksum: CB02245F96D83859DD9799B75139CFAE327D86F6