BaselineInfo:
  WebDBID: -1
  TimeStamp: 20211207105229
Version:
  Major: 10
  Minor: 1
  Build: 1005
  SpecialBuildName: ""
  ptArchitecture: x86_64_linux
Results:
  Results Complete: true
  NumTestProcesses: 3
  CPU_INTEGER_MATH: 13526.199350000001
  CPU_FLOATINGPOINT_MATH: 11203.434974410906
  CPU_PRIME: 28021952.253881779
  CPU_SORTING: 6862046.7696849657
  CPU_ENCRYPTION: 1796269181.2640147
  CPU_COMPRESSION: 61871398.595166191
  CPU_SINGLETHREAD: 2137.9158316743592
  CPU_PHYSICS: 433.01864326431252
  CPU_MATRIX_MULT_SSE: 3734.2321829865773
  CPU_mm: 636.40355428780344
  CPU_sse: 2302.0236084609473
  CPU_fma: 4213.1695257369065
  CPU_avx: 4687.5034147618771
  CPU_avx512: 0
  m_CPU_enc_SHA: 939628340.62053657
  m_CPU_enc_AES: 3631925426.0304127
  m_CPU_enc_ECDSA: 817253777.14109433
  ME_ALLOC_S: 0
  ME_READ_S: 0
  ME_READ_L: 0
  ME_WRITE: 0
  ME_LARGE: 0
  ME_LATENCY: 0
  ME_THREADED: 0
  SUMM_CPU: 4894.1954260832008
  SUMM_ME: 0
SystemInformation:
  OSName: Ubuntu 20.04.3 LTS
  Kernel: 5.11.0-41-generic
  Device: ""
  Processor: Intel(R) Core(TM) i7-6700 CPU @ 3.40GHz
  NumSockets: 1
  Manufacturer: GenuineIntel
  NumCores: 4
  NumLogicals: 8
  CPUFrequency: 4000
  Memory: 31990
  MemModuleInfo:
    iNumMemSticks: 0
Checksum: DA566F55E68A6CB95244C57DF757CCA83D53137A