BaselineInfo:
  WebDBID: -1
  TimeStamp: 20211207105952
Version:
  Major: 10
  Minor: 1
  Build: 1005
  SpecialBuildName: ""
  ptArchitecture: x86_64_linux
Results:
  Results Complete: true
  NumTestProcesses: 4
  CPU_INTEGER_MATH: 17679.1633
  CPU_FLOATINGPOINT_MATH: 14513.617201216563
  CPU_PRIME: 29343306.381366964
  CPU_SORTING: 8961048.786418125
  CPU_ENCRYPTION: 2360576785.1682558
  CPU_COMPRESSION: 80989220.805087566
  CPU_SINGLETHREAD: 2135.6404045539475
  CPU_PHYSICS: 500.37293967561868
  CPU_MATRIX_MULT_SSE: 4661.146679585403
  CPU_mm: 853.45466271353507
  CPU_sse: 2895.0018642797022
  CPU_fma: 5469.2137545980477
  CPU_avx: 5619.2244198784583
  CPU_avx512: 0
  m_CPU_enc_SHA: 1200697568.5432603
  m_CPU_enc_AES: 4837249719.992692
  m_CPU_enc_ECDSA: 1043783066.9688151
  ME_ALLOC_S: 0
  ME_READ_S: 0
  ME_READ_L: 0
  ME_WRITE: 0
  ME_LARGE: 0
  ME_LATENCY: 0
  ME_THREADED: 0
  SUMM_CPU: 6208.8912177610837
  SUMM_ME: 0
SystemInformation:
  OSName: Ubuntu 20.04.3 LTS
  Kernel: 5.11.0-41-generic
  Device: ""
  Processor: Intel(R) Core(TM) i7-6700 CPU @ 3.40GHz
  NumSockets: 1
  Manufacturer: GenuineIntel
  NumCores: 4
  NumLogicals: 8
  CPUFrequency: 4000
  Memory: 31990
  MemModuleInfo:
    iNumMemSticks: 0
Checksum: 13B895D382376C08D16F02A2349A5D6B9F9A8108