BaselineInfo:
  WebDBID: -1
  TimeStamp: 20211207103743
Version:
  Major: 10
  Minor: 1
  Build: 1005
  SpecialBuildName: ""
  ptArchitecture: x86_64_linux
Results:
  Results Complete: true
  NumTestProcesses: 1
  CPU_INTEGER_MATH: 4532.8778500000008
  CPU_FLOATINGPOINT_MATH: 3802.1680743412394
  CPU_PRIME: 16674247.040293084
  CPU_SORTING: 2361734.3099599215
  CPU_ENCRYPTION: 612984946.60892177
  CPU_COMPRESSION: 20287037.154836968
  CPU_SINGLETHREAD: 2141.5321087350958
  CPU_PHYSICS: 242.17895701171415
  CPU_MATRIX_MULT_SSE: 1271.540502465155
  CPU_mm: 219.17506295051447
  CPU_sse: 792.21548784105835
  CPU_fma: 1455.3852229406216
  CPU_avx: 1567.0207966137846
  CPU_avx512: 0
  m_CPU_enc_SHA: 317770541.45379841
  m_CPU_enc_AES: 1242271618.5184922
  m_CPU_enc_ECDSA: 278912679.85447454
  ME_ALLOC_S: 0
  ME_READ_S: 0
  ME_READ_L: 0
  ME_WRITE: 0
  ME_LARGE: 0
  ME_LATENCY: 0
  ME_THREADED: 0
  SUMM_CPU: 1749.0945731191746
  SUMM_ME: 0
SystemInformation:
  OSName: Ubuntu 20.04.3 LTS
  Kernel: 5.11.0-41-generic
  Device: ""
  Processor: Intel(R) Core(TM) i7-6700 CPU @ 3.40GHz
  NumSockets: 1
  Manufacturer: GenuineIntel
  NumCores: 4
  NumLogicals: 8
  CPUFrequency: 4000
  Memory: 31990
  MemModuleInfo:
    iNumMemSticks: 0
Checksum: 6520F2F47F6D1E252320902321CB6FAC77CEA82F