BaselineInfo:
  WebDBID: -1
  TimeStamp: 20211207110759
Version:
  Major: 10
  Minor: 1
  Build: 1005
  SpecialBuildName: ""
  ptArchitecture: x86_64_linux
Results:
  Results Complete: true
  NumTestProcesses: 5
  CPU_INTEGER_MATH: 19955.270649999999
  CPU_FLOATINGPOINT_MATH: 15071.244340625852
  CPU_PRIME: 28165540.529972918
  CPU_SORTING: 9990821.2805037647
  CPU_ENCRYPTION: 2756328813.7038417
  CPU_COMPRESSION: 90252207.774421722
  CPU_SINGLETHREAD: 2141.9628425431729
  CPU_PHYSICS: 538.3828498903149
  CPU_MATRIX_MULT_SSE: 4762.6463075347019
  CPU_mm: 846.16901511816684
  CPU_sse: 2956.8870275344025
  CPU_fma: 5533.945691922182
  CPU_avx: 5797.1062031475212
  CPU_avx512: 0
  m_CPU_enc_SHA: 1208063580.314213
  m_CPU_enc_AES: 6012106223.6602964
  m_CPU_enc_ECDSA: 1048816637.1370165
  ME_ALLOC_S: 0
  ME_READ_S: 0
  ME_READ_L: 0
  ME_WRITE: 0
  ME_LARGE: 0
  ME_LATENCY: 0
  ME_THREADED: 0
  SUMM_CPU: 6779.4540973102139
  SUMM_ME: 0
SystemInformation:
  OSName: Ubuntu 20.04.3 LTS
  Kernel: 5.11.0-41-generic
  Device: ""
  Processor: Intel(R) Core(TM) i7-6700 CPU @ 3.40GHz
  NumSockets: 1
  Manufacturer: GenuineIntel
  NumCores: 4
  NumLogicals: 8
  CPUFrequency: 4000
  Memory: 31990
  MemModuleInfo:
    iNumMemSticks: 0
Checksum: 2D6D36F42CB8B676B4002686B189E67F4B0157E9