BaselineInfo:
  WebDBID: -1
  TimeStamp: 20211207111605
Version:
  Major: 10
  Minor: 1
  Build: 1005
  SpecialBuildName: ""
  ptArchitecture: x86_64_linux
Results:
  Results Complete: true
  NumTestProcesses: 6
  CPU_INTEGER_MATH: 22249.745699999999
  CPU_FLOATINGPOINT_MATH: 15473.176375303357
  CPU_PRIME: 26899119.975931808
  CPU_SORTING: 11045138.237218717
  CPU_ENCRYPTION: 3140013472.6940203
  CPU_COMPRESSION: 99782531.923163593
  CPU_SINGLETHREAD: 2133.6366830811603
  CPU_PHYSICS: 550.91856839204797
  CPU_MATRIX_MULT_SSE: 4831.3615112070847
  CPU_mm: 847.41387294411209
  CPU_sse: 2950.5773605219838
  CPU_fma: 5673.386899988348
  CPU_avx: 5870.1202731109233
  CPU_avx512: 0
  m_CPU_enc_SHA: 1222064056.4014151
  m_CPU_enc_AES: 7125395131.2839584
  m_CPU_enc_ECDSA: 1072581230.39669
  ME_ALLOC_S: 0
  ME_READ_S: 0
  ME_READ_L: 0
  ME_WRITE: 0
  ME_LARGE: 0
  ME_LATENCY: 0
  ME_THREADED: 0
  SUMM_CPU: 7276.7491474948392
  SUMM_ME: 0
SystemInformation:
  OSName: Ubuntu 20.04.3 LTS
  Kernel: 5.11.0-41-generic
  Device: ""
  Processor: Intel(R) Core(TM) i7-6700 CPU @ 3.40GHz
  NumSockets: 1
  Manufacturer: GenuineIntel
  NumCores: 4
  NumLogicals: 8
  CPUFrequency: 4000
  Memory: 31990
  MemModuleInfo:
    iNumMemSticks: 0
Checksum: AD991DCAB5AF93B5BD8F7F9BB8513416DFAE401B