BaselineInfo:
  WebDBID: -1
  TimeStamp: 20211207113219
Version:
  Major: 10
  Minor: 1
  Build: 1005
  SpecialBuildName: ""
  ptArchitecture: x86_64_linux
Results:
  Results Complete: true
  NumTestProcesses: 8
  CPU_INTEGER_MATH: 26651.365849999998
  CPU_FLOATINGPOINT_MATH: 16552.572702103826
  CPU_PRIME: 25525254.185513385
  CPU_SORTING: 12920553.286360104
  CPU_ENCRYPTION: 3822049999.9192514
  CPU_COMPRESSION: 118642674.0949641
  CPU_SINGLETHREAD: 2131.3588015064561
  CPU_PHYSICS: 552.66947445799133
  CPU_MATRIX_MULT_SSE: 5042.7640277076462
  CPU_mm: 852.58952155010104
  CPU_sse: 3216.7544423690101
  CPU_fma: 5849.2163474118724
  CPU_avx: 6062.3212933420546
  CPU_avx512: 0
  m_CPU_enc_SHA: 1214186186.3922639
  m_CPU_enc_AES: 9151305198.0296268
  m_CPU_enc_ECDSA: 1100658615.3358636
  ME_ALLOC_S: 0
  ME_READ_S: 0
  ME_READ_L: 0
  ME_WRITE: 0
  ME_LARGE: 0
  ME_LATENCY: 0
  ME_THREADED: 0
  SUMM_CPU: 8148.728269040098
  SUMM_ME: 0
SystemInformation:
  OSName: Ubuntu 20.04.3 LTS
  Kernel: 5.11.0-41-generic
  Device: ""
  Processor: Intel(R) Core(TM) i7-6700 CPU @ 3.40GHz
  NumSockets: 1
  Manufacturer: GenuineIntel
  NumCores: 4
  NumLogicals: 8
  CPUFrequency: 4000
  Memory: 31990
  MemModuleInfo:
    iNumMemSticks: 0
Checksum: 6CCE5ABA1010B23A6BB575782F43983FD05156EE