BaselineInfo:
  WebDBID: -1
  TimeStamp: 20211222195053
Version:
  Major: 10
  Minor: 1
  Build: 1005
  SpecialBuildName: ""
  ptArchitecture: x86_64_linux
Results:
  Results Complete: true
  NumTestProcesses: 13
  CPU_INTEGER_MATH: 34447.393049999999
  CPU_FLOATINGPOINT_MATH: 28832.703523600532
  CPU_PRIME: 91070879.28222096
  CPU_SORTING: 17981137.026499175
  CPU_ENCRYPTION: 4643992220.9625645
  CPU_COMPRESSION: 160675316.78234154
  CPU_SINGLETHREAD: 1249.5535904429289
  CPU_PHYSICS: 1434.2376123786617
  CPU_MATRIX_MULT_SSE: 10893.58745588521
  CPU_mm: 1592.3458314136187
  CPU_sse: 5866.4850375291699
  CPU_fma: 11008.996377263495
  CPU_avx: 13225.992398797896
  CPU_avx512: 13472.87600995028
  m_CPU_enc_SHA: 2426185236.3022795
  m_CPU_enc_AES: 9382540650.2519855
  m_CPU_enc_ECDSA: 2123250776.3334281
  ME_ALLOC_S: 0
  ME_READ_S: 0
  ME_READ_L: 0
  ME_WRITE: 0
  ME_LARGE: 0
  ME_LATENCY: 0
  ME_THREADED: 0
  SUMM_CPU: 11743.951909271069
  SUMM_ME: 0
SystemInformation:
  OSName: Ubuntu 20.04.3 LTS
  Kernel: 5.14.0
  Device: ""
  Processor: Intel(R) Xeon(R) Gold 5120 CPU @ 2.20GHz
  NumSockets: 1
  Manufacturer: GenuineIntel
  NumCores: 14
  NumLogicals: 28
  CPUFrequency: 2200
  Memory: 191914
  MemModuleInfo:
    iNumMemSticks: 0
Checksum: 7D922879422BDF62E6BE9121559FCD7D605A194F