BaselineInfo:
  WebDBID: -1
  TimeStamp: 20211222205518
Version:
  Major: 10
  Minor: 1
  Build: 1005
  SpecialBuildName: ""
  ptArchitecture: x86_64_linux
Results:
  Results Complete: true
  NumTestProcesses: 21
  CPU_INTEGER_MATH: 46531.07475
  CPU_FLOATINGPOINT_MATH: 32858.429418509011
  CPU_PRIME: 93679749.77652736
  CPU_SORTING: 23806802.131921686
  CPU_ENCRYPTION: 6617840144.5962219
  CPU_COMPRESSION: 216437832.32756597
  CPU_SINGLETHREAD: 1251.5598562502573
  CPU_PHYSICS: 1728.6022868051405
  CPU_MATRIX_MULT_SSE: 12230.296574443972
  CPU_mm: 1715.6594932299961
  CPU_sse: 6328.3445403445839
  CPU_fma: 12093.834431953026
  CPU_avx: 14533.831785146189
  CPU_avx512: 15965.175540332091
  m_CPU_enc_SHA: 2588128020.4288778
  m_CPU_enc_AES: 14973994875.002405
  m_CPU_enc_ECDSA: 2291397538.3573809
  ME_ALLOC_S: 0
  ME_READ_S: 0
  ME_READ_L: 0
  ME_WRITE: 0
  ME_LARGE: 0
  ME_LATENCY: 0
  ME_THREADED: 0
  SUMM_CPU: 14579.145212528438
  SUMM_ME: 0
SystemInformation:
  OSName: Ubuntu 20.04.3 LTS
  Kernel: 5.14.0
  Device: ""
  Processor: Intel(R) Xeon(R) Gold 5120 CPU @ 2.20GHz
  NumSockets: 1
  Manufacturer: GenuineIntel
  NumCores: 14
  NumLogicals: 28
  CPUFrequency: 2200
  Memory: 191914
  MemModuleInfo:
    iNumMemSticks: 0
Checksum: 769A0C9109073D2CFC7E9AEBBE7622ABE54E0855