BaselineInfo:
  WebDBID: -1
  TimeStamp: 20211222185903
Version:
  Major: 10
  Minor: 1
  Build: 1005
  SpecialBuildName: ""
  ptArchitecture: x86_64_linux
Results:
  Results Complete: true
  NumTestProcesses: 6
  CPU_INTEGER_MATH: 15905.320599999999
  CPU_FLOATINGPOINT_MATH: 13332.740760360968
  CPU_PRIME: 53341817.332374319
  CPU_SORTING: 8323636.7320223572
  CPU_ENCRYPTION: 2142417253.0739403
  CPU_COMPRESSION: 74112770.455445796
  CPU_SINGLETHREAD: 1250.4239077272146
  CPU_PHYSICS: 758.11650726483163
  CPU_MATRIX_MULT_SSE: 5008.3217159393444
  CPU_mm: 731.86727340982486
  CPU_sse: 2715.0474242801238
  CPU_fma: 5082.4152843436032
  CPU_avx: 6108.7025564941068
  CPU_avx512: 6127.1215986395409
  m_CPU_enc_SHA: 1119613150.1719382
  m_CPU_enc_AES: 4327784532.1618252
  m_CPU_enc_ECDSA: 979854076.88805771
  ME_ALLOC_S: 0
  ME_READ_S: 0
  ME_READ_L: 0
  ME_WRITE: 0
  ME_LARGE: 0
  ME_LATENCY: 0
  ME_THREADED: 0
  SUMM_CPU: 5889.329271414811
  SUMM_ME: 0
SystemInformation:
  OSName: Ubuntu 20.04.3 LTS
  Kernel: 5.14.0
  Device: ""
  Processor: Intel(R) Xeon(R) Gold 5120 CPU @ 2.20GHz
  NumSockets: 1
  Manufacturer: GenuineIntel
  NumCores: 14
  NumLogicals: 28
  CPUFrequency: 2200
  Memory: 191914
  MemModuleInfo:
    iNumMemSticks: 0
Checksum: CCCBC0712E73415A39D4D535062A2AF53DE7EE66