BaselineInfo:
  WebDBID: -1
  TimeStamp: 20211222204709
Version:
  Major: 10
  Minor: 1
  Build: 1005
  SpecialBuildName: ""
  ptArchitecture: x86_64_linux
Results:
  Results Complete: true
  NumTestProcesses: 20
  CPU_INTEGER_MATH: 45180.271349999995
  CPU_FLOATINGPOINT_MATH: 32588.439621681206
  CPU_PRIME: 94112914.907919347
  CPU_SORTING: 23172248.289372057
  CPU_ENCRYPTION: 6388855716.8669882
  CPU_COMPRESSION: 210228988.209912
  CPU_SINGLETHREAD: 1249.3997876396611
  CPU_PHYSICS: 1723.5359380303369
  CPU_MATRIX_MULT_SSE: 12132.959909981142
  CPU_mm: 1710.0508352417787
  CPU_sse: 6296.6142238401926
  CPU_fma: 12096.486287061396
  CPU_avx: 14395.791063356726
  CPU_avx512: 15742.948065666253
  m_CPU_enc_SHA: 2586742595.6182871
  m_CPU_enc_AES: 14286773202.641476
  m_CPU_enc_ECDSA: 2293051352.3412042
  ME_ALLOC_S: 0
  ME_READ_S: 0
  ME_READ_L: 0
  ME_WRITE: 0
  ME_LARGE: 0
  ME_LATENCY: 0
  ME_THREADED: 0
  SUMM_CPU: 14302.209776823382
  SUMM_ME: 0
SystemInformation:
  OSName: Ubuntu 20.04.3 LTS
  Kernel: 5.14.0
  Device: ""
  Processor: Intel(R) Xeon(R) Gold 5120 CPU @ 2.20GHz
  NumSockets: 1
  Manufacturer: GenuineIntel
  NumCores: 14
  NumLogicals: 28
  CPUFrequency: 2200
  Memory: 191914
  MemModuleInfo:
    iNumMemSticks: 0
Checksum: 6359AECE8A648F8E7E4F53F5EFC1295D28859570