BaselineInfo:
  WebDBID: -1
  TimeStamp: 20211222212754
Version:
  Major: 10
  Minor: 1
  Build: 1005
  SpecialBuildName: ""
  ptArchitecture: x86_64_linux
Results:
  Results Complete: true
  NumTestProcesses: 25
  CPU_INTEGER_MATH: 51994.90105
  CPU_FLOATINGPOINT_MATH: 34003.444257233859
  CPU_PRIME: 92871129.704971761
  CPU_SORTING: 26300705.663493626
  CPU_ENCRYPTION: 7532798936.6105385
  CPU_COMPRESSION: 240526174.05342633
  CPU_SINGLETHREAD: 1251.0323412643204
  CPU_PHYSICS: 1775.8259148081559
  CPU_MATRIX_MULT_SSE: 12554.897432320253
  CPU_mm: 1742.0789318266343
  CPU_sse: 6375.8506378855946
  CPU_fma: 12301.055919466609
  CPU_avx: 14724.971505992122
  CPU_avx512: 16817.711665936677
  m_CPU_enc_SHA: 2580983928.1022043
  m_CPU_enc_AES: 17707068252.922989
  m_CPU_enc_ECDSA: 2310344628.806427
  ME_ALLOC_S: 0
  ME_READ_S: 0
  ME_READ_L: 0
  ME_WRITE: 0
  ME_LARGE: 0
  ME_LATENCY: 0
  ME_THREADED: 0
  SUMM_CPU: 15619.710702893395
  SUMM_ME: 0
SystemInformation:
  OSName: Ubuntu 20.04.3 LTS
  Kernel: 5.14.0
  Device: ""
  Processor: Intel(R) Xeon(R) Gold 5120 CPU @ 2.20GHz
  NumSockets: 1
  Manufacturer: GenuineIntel
  NumCores: 14
  NumLogicals: 28
  CPUFrequency: 2200
  Memory: 191914
  MemModuleInfo:
    iNumMemSticks: 0
Checksum: 66DCEE7685F25A1137CF47E32D56B866304BB5CA