BaselineInfo:
  WebDBID: -1
  TimeStamp: 20211222182201
Version:
  Major: 10
  Minor: 1
  Build: 1005
  SpecialBuildName: ""
  ptArchitecture: x86_64_linux
Results:
  Results Complete: true
  NumTestProcesses: 1
  CPU_INTEGER_MATH: 2653.1918999999998
  CPU_FLOATINGPOINT_MATH: 2217.5060493895762
  CPU_PRIME: 9577361.686072275
  CPU_SORTING: 1375256.6366506345
  CPU_ENCRYPTION: 357083414.50136048
  CPU_COMPRESSION: 12207269.363868747
  CPU_SINGLETHREAD: 1250.416270833043
  CPU_PHYSICS: 148.90754362137045
  CPU_MATRIX_MULT_SSE: 813.54049049803348
  CPU_mm: 122.1323192309912
  CPU_sse: 447.443496304387
  CPU_fma: 848.08086517678453
  CPU_avx: 1018.933459238903
  CPU_avx512: 939.70414127205936
  m_CPU_enc_SHA: 186911920.76510939
  m_CPU_enc_AES: 722446786.4528296
  m_CPU_enc_ECDSA: 161891536.28614253
  ME_ALLOC_S: 0
  ME_READ_S: 0
  ME_READ_L: 0
  ME_WRITE: 0
  ME_LARGE: 0
  ME_LATENCY: 0
  ME_THREADED: 0
  SUMM_CPU: 1037.9988331346719
  SUMM_ME: 0
SystemInformation:
  OSName: Ubuntu 20.04.3 LTS
  Kernel: 5.14.0
  Device: ""
  Processor: Intel(R) Xeon(R) Gold 5120 CPU @ 2.20GHz
  NumSockets: 1
  Manufacturer: GenuineIntel
  NumCores: 14
  NumLogicals: 28
  CPUFrequency: 2200
  Memory: 191914
  MemModuleInfo:
    iNumMemSticks: 0
Checksum: DB94BC63362BD2FC732EBFF85ABF40E1CD69B2C9