BaselineInfo:
  WebDBID: -1
  TimeStamp: 20211222203052
Version:
  Major: 10
  Minor: 1
  Build: 1005
  SpecialBuildName: ""
  ptArchitecture: x86_64_linux
Results:
  Results Complete: true
  NumTestProcesses: 18
  CPU_INTEGER_MATH: 42469.796650000004
  CPU_FLOATINGPOINT_MATH: 32074.005275130057
  CPU_PRIME: 94328248.109773025
  CPU_SORTING: 21881020.657797232
  CPU_ENCRYPTION: 5925596628.5555229
  CPU_COMPRESSION: 197679451.90327835
  CPU_SINGLETHREAD: 1250.6095522380845
  CPU_PHYSICS: 1663.8091785011488
  CPU_MATRIX_MULT_SSE: 12014.156514646518
  CPU_mm: 1697.0920559366132
  CPU_sse: 6350.3205987719903
  CPU_fma: 11984.14319236029
  CPU_avx: 14353.457633845466
  CPU_avx512: 15368.70463360832
  m_CPU_enc_SHA: 2590809517.4398255
  m_CPU_enc_AES: 12897604692.948549
  m_CPU_enc_ECDSA: 2288375675.2781911
  ME_ALLOC_S: 0
  ME_READ_S: 0
  ME_READ_L: 0
  ME_WRITE: 0
  ME_LARGE: 0
  ME_LATENCY: 0
  ME_THREADED: 0
  SUMM_CPU: 13730.048737745487
  SUMM_ME: 0
SystemInformation:
  OSName: Ubuntu 20.04.3 LTS
  Kernel: 5.14.0
  Device: ""
  Processor: Intel(R) Xeon(R) Gold 5120 CPU @ 2.20GHz
  NumSockets: 1
  Manufacturer: GenuineIntel
  NumCores: 14
  NumLogicals: 28
  CPUFrequency: 2200
  Memory: 191914
  MemModuleInfo:
    iNumMemSticks: 0
Checksum: C355092F2D2C1FEE6ECA3CF05C94A600731E2715