BaselineInfo:
  WebDBID: -1
  TimeStamp: 20211222193604
Version:
  Major: 10
  Minor: 1
  Build: 1005
  SpecialBuildName: ""
  ptArchitecture: x86_64_linux
Results:
  Results Complete: true
  NumTestProcesses: 11
  CPU_INTEGER_MATH: 29157.53095
  CPU_FLOATINGPOINT_MATH: 24409.990872067545
  CPU_PRIME: 81572309.624688521
  CPU_SORTING: 15204385.426291797
  CPU_ENCRYPTION: 3927369325.4799666
  CPU_COMPRESSION: 136068947.22380364
  CPU_SINGLETHREAD: 1250.6577149385689
  CPU_PHYSICS: 1247.937915654067
  CPU_MATRIX_MULT_SSE: 9239.564087499115
  CPU_mm: 1249.2175719804964
  CPU_sse: 4911.3661924790449
  CPU_fma: 9318.5867474925344
  CPU_avx: 11197.408165275441
  CPU_avx512: 11530.895244749441
  m_CPU_enc_SHA: 2049740361.3456092
  m_CPU_enc_AES: 7940610987.4581032
  m_CPU_enc_ECDSA: 1791756627.6361842
  ME_ALLOC_S: 0
  ME_READ_S: 0
  ME_READ_L: 0
  ME_WRITE: 0
  ME_LARGE: 0
  ME_LATENCY: 0
  ME_THREADED: 0
  SUMM_CPU: 10167.680057281788
  SUMM_ME: 0
SystemInformation:
  OSName: Ubuntu 20.04.3 LTS
  Kernel: 5.14.0
  Device: ""
  Processor: Intel(R) Xeon(R) Gold 5120 CPU @ 2.20GHz
  NumSockets: 1
  Manufacturer: GenuineIntel
  NumCores: 14
  NumLogicals: 28
  CPUFrequency: 2200
  Memory: 191914
  MemModuleInfo:
    iNumMemSticks: 0
Checksum: E817A6FC77FC6BD4D24E4399F2FE1CE631FE176D