BaselineInfo:
  WebDBID: -1
  TimeStamp: 20211222195818
Version:
  Major: 10
  Minor: 1
  Build: 1005
  SpecialBuildName: ""
  ptArchitecture: x86_64_linux
Results:
  Results Complete: true
  NumTestProcesses: 14
  CPU_INTEGER_MATH: 37018.690000000002
  CPU_FLOATINGPOINT_MATH: 30859.511518794854
  CPU_PRIME: 95235622.057311773
  CPU_SORTING: 19315282.781761117
  CPU_ENCRYPTION: 4993746624.6025143
  CPU_COMPRESSION: 172782559.25468186
  CPU_SINGLETHREAD: 1250.8490107550556
  CPU_PHYSICS: 1508.1191837368231
  CPU_MATRIX_MULT_SSE: 11677.815339139081
  CPU_mm: 1696.0828370254167
  CPU_sse: 6303.4256816302604
  CPU_fma: 11819.561750445648
  CPU_avx: 14094.164058606899
  CPU_avx512: 14494.109865873514
  m_CPU_enc_SHA: 2605447397.8262305
  m_CPU_enc_AES: 10100143219.338932
  m_CPU_enc_ECDSA: 2275649256.6423764
  ME_ALLOC_S: 0
  ME_READ_S: 0
  ME_READ_L: 0
  ME_WRITE: 0
  ME_LARGE: 0
  ME_LATENCY: 0
  ME_THREADED: 0
  SUMM_CPU: 12477.765436846954
  SUMM_ME: 0
SystemInformation:
  OSName: Ubuntu 20.04.3 LTS
  Kernel: 5.14.0
  Device: ""
  Processor: Intel(R) Xeon(R) Gold 5120 CPU @ 2.20GHz
  NumSockets: 1
  Manufacturer: GenuineIntel
  NumCores: 14
  NumLogicals: 28
  CPUFrequency: 2200
  Memory: 191914
  MemModuleInfo:
    iNumMemSticks: 0
Checksum: F35A7A66984A6E8C445F79E7663086A597269110