BaselineInfo:
  WebDBID: -1
  TimeStamp: 20211222215222
Version:
  Major: 10
  Minor: 1
  Build: 1005
  SpecialBuildName: ""
  ptArchitecture: x86_64_linux
Results:
  Results Complete: true
  NumTestProcesses: 28
  CPU_INTEGER_MATH: 55894.863599999997
  CPU_FLOATINGPOINT_MATH: 34796.946718521227
  CPU_PRIME: 92429752.285530061
  CPU_SORTING: 28060741.411047406
  CPU_ENCRYPTION: 8143957001.5047226
  CPU_COMPRESSION: 255344742.13749844
  CPU_SINGLETHREAD: 1251.4669999481284
  CPU_PHYSICS: 1733.0231573389483
  CPU_MATRIX_MULT_SSE: 12837.231016533762
  CPU_mm: 1746.4552020058391
  CPU_sse: 6471.2686048367623
  CPU_fma: 12434.086390988154
  CPU_avx: 14816.075532780111
  CPU_avx512: 17627.493537530019
  m_CPU_enc_SHA: 2572394765.3099394
  m_CPU_enc_AES: 19542584030.754543
  m_CPU_enc_ECDSA: 2316892208.4496822
  ME_ALLOC_S: 0
  ME_READ_S: 0
  ME_READ_L: 0
  ME_WRITE: 0
  ME_LARGE: 0
  ME_LATENCY: 0
  ME_THREADED: 0
  SUMM_CPU: 16269.118803265192
  SUMM_ME: 0
SystemInformation:
  OSName: Ubuntu 20.04.3 LTS
  Kernel: 5.14.0
  Device: ""
  Processor: Intel(R) Xeon(R) Gold 5120 CPU @ 2.20GHz
  NumSockets: 1
  Manufacturer: GenuineIntel
  NumCores: 14
  NumLogicals: 28
  CPUFrequency: 2200
  Memory: 191914
  MemModuleInfo:
    iNumMemSticks: 0
Checksum: 38E65011BB4F5119609AA5E696BDA000B3D600E8