BaselineInfo:
  WebDBID: -1
  TimeStamp: 20211222202243
Version:
  Major: 10
  Minor: 1
  Build: 1005
  SpecialBuildName: ""
  ptArchitecture: x86_64_linux
Results:
  Results Complete: true
  NumTestProcesses: 17
  CPU_INTEGER_MATH: 41123.537249999994
  CPU_FLOATINGPOINT_MATH: 31810.216796931207
  CPU_PRIME: 94489732.929448843
  CPU_SORTING: 21239401.065113939
  CPU_ENCRYPTION: 5693364376.6918802
  CPU_COMPRESSION: 191345175.23100334
  CPU_SINGLETHREAD: 1251.4588201458198
  CPU_PHYSICS: 1641.9383858217029
  CPU_MATRIX_MULT_SSE: 11899.334521240975
  CPU_mm: 1718.6041646781437
  CPU_sse: 6338.9829344528744
  CPU_fma: 11870.664398984632
  CPU_avx: 14244.854670169443
  CPU_avx512: 15142.836081356947
  m_CPU_enc_SHA: 2595161456.6509218
  m_CPU_enc_AES: 12199490712.586639
  m_CPU_enc_ECDSA: 2285440960.8380713
  ME_ALLOC_S: 0
  ME_READ_S: 0
  ME_READ_L: 0
  ME_WRITE: 0
  ME_LARGE: 0
  ME_LATENCY: 0
  ME_THREADED: 0
  SUMM_CPU: 13430.548008939746
  SUMM_ME: 0
SystemInformation:
  OSName: Ubuntu 20.04.3 LTS
  Kernel: 5.14.0
  Device: ""
  Processor: Intel(R) Xeon(R) Gold 5120 CPU @ 2.20GHz
  NumSockets: 1
  Manufacturer: GenuineIntel
  NumCores: 14
  NumLogicals: 28
  CPUFrequency: 2200
  Memory: 191914
  MemModuleInfo:
    iNumMemSticks: 0
Checksum: 38FD9FA6E05F711049708B4B7C669C0F68C9802D