BaselineInfo:
  WebDBID: -1
  TimeStamp: 20211222210327
Version:
  Major: 10
  Minor: 1
  Build: 1005
  SpecialBuildName: ""
  ptArchitecture: x86_64_linux
Results:
  Results Complete: true
  NumTestProcesses: 22
  CPU_INTEGER_MATH: 47900.363000000005
  CPU_FLOATINGPOINT_MATH: 33126.583013840929
  CPU_PRIME: 93595010.395201772
  CPU_SORTING: 24406917.582335386
  CPU_ENCRYPTION: 6851712078.2576675
  CPU_COMPRESSION: 221324950.1351648
  CPU_SINGLETHREAD: 1250.1422528263372
  CPU_PHYSICS: 1747.8174935905695
  CPU_MATRIX_MULT_SSE: 12287.824864678105
  CPU_mm: 1722.45687082172
  CPU_sse: 6381.3303851463861
  CPU_fma: 12066.122533737414
  CPU_avx: 14584.0506870933
  CPU_avx512: 16119.795852735317
  m_CPU_enc_SHA: 2585846280.4763837
  m_CPU_enc_AES: 15666219848.864481
  m_CPU_enc_ECDSA: 2303070105.4321389
  ME_ALLOC_S: 0
  ME_READ_S: 0
  ME_READ_L: 0
  ME_WRITE: 0
  ME_LARGE: 0
  ME_LATENCY: 0
  ME_THREADED: 0
  SUMM_CPU: 14833.481238902845
  SUMM_ME: 0
SystemInformation:
  OSName: Ubuntu 20.04.3 LTS
  Kernel: 5.14.0
  Device: ""
  Processor: Intel(R) Xeon(R) Gold 5120 CPU @ 2.20GHz
  NumSockets: 1
  Manufacturer: GenuineIntel
  NumCores: 14
  NumLogicals: 28
  CPUFrequency: 2200
  Memory: 191914
  MemModuleInfo:
    iNumMemSticks: 0
Checksum: 50A917C02E90543075FB1E37BE17DB6703D1C3C6