BaselineInfo:
  WebDBID: -1
  TimeStamp: 20211222200626
Version:
  Major: 10
  Minor: 1
  Build: 1005
  SpecialBuildName: ""
  ptArchitecture: x86_64_linux
Results:
  Results Complete: true
  NumTestProcesses: 15
  CPU_INTEGER_MATH: 38427.400999999998
  CPU_FLOATINGPOINT_MATH: 31238.244025005592
  CPU_PRIME: 94986540.426545501
  CPU_SORTING: 19951903.594212048
  CPU_ENCRYPTION: 5227350973.8139229
  CPU_COMPRESSION: 179318852.93286282
  CPU_SINGLETHREAD: 1248.8075387572298
  CPU_PHYSICS: 1552.549117607537
  CPU_MATRIX_MULT_SSE: 11749.898195101774
  CPU_mm: 1711.8452033476633
  CPU_sse: 6247.6818996901775
  CPU_fma: 11861.818685669246
  CPU_avx: 14197.227034919548
  CPU_avx512: 14692.865160128138
  m_CPU_enc_SHA: 2600352125.5540991
  m_CPU_enc_AES: 10799348217.33651
  m_CPU_enc_ECDSA: 2282352578.5511589
  ME_ALLOC_S: 0
  ME_READ_S: 0
  ME_READ_L: 0
  ME_WRITE: 0
  ME_LARGE: 0
  ME_LATENCY: 0
  ME_THREADED: 0
  SUMM_CPU: 12806.885326340051
  SUMM_ME: 0
SystemInformation:
  OSName: Ubuntu 20.04.3 LTS
  Kernel: 5.14.0
  Device: ""
  Processor: Intel(R) Xeon(R) Gold 5120 CPU @ 2.20GHz
  NumSockets: 1
  Manufacturer: GenuineIntel
  NumCores: 14
  NumLogicals: 28
  CPUFrequency: 2200
  Memory: 191914
  MemModuleInfo:
    iNumMemSticks: 0
Checksum: ACF0F47F3304C0ECC00C4FE1393642092AA18EB5