BaselineInfo:
  WebDBID: -1
  TimeStamp: 20211222185140
Version:
  Major: 10
  Minor: 1
  Build: 1005
  SpecialBuildName: ""
  ptArchitecture: x86_64_linux
Results:
  Results Complete: true
  NumTestProcesses: 5
  CPU_INTEGER_MATH: 13258.057199999999
  CPU_FLOATINGPOINT_MATH: 11115.407786882712
  CPU_PRIME: 45947055.241660401
  CPU_SORTING: 6910515.6567086279
  CPU_ENCRYPTION: 1786009248.264143
  CPU_COMPRESSION: 61557746.822637886
  CPU_SINGLETHREAD: 1249.8346547127919
  CPU_PHYSICS: 650.84452873713553
  CPU_MATRIX_MULT_SSE: 4161.8212757699785
  CPU_mm: 610.27506753060732
  CPU_sse: 2240.5903901836341
  CPU_fma: 4235.1245409401708
  CPU_avx: 5090.7457410192683
  CPU_avx512: 5080.8244309368392
  m_CPU_enc_SHA: 933290507.86115265
  m_CPU_enc_AES: 3607714418.5727377
  m_CPU_enc_ECDSA: 817022818.35853958
  ME_ALLOC_S: 0
  ME_READ_S: 0
  ME_READ_L: 0
  ME_WRITE: 0
  ME_LARGE: 0
  ME_LATENCY: 0
  ME_THREADED: 0
  SUMM_CPU: 4964.0151841929619
  SUMM_ME: 0
SystemInformation:
  OSName: Ubuntu 20.04.3 LTS
  Kernel: 5.14.0
  Device: ""
  Processor: Intel(R) Xeon(R) Gold 5120 CPU @ 2.20GHz
  NumSockets: 1
  Manufacturer: GenuineIntel
  NumCores: 14
  NumLogicals: 28
  CPUFrequency: 2200
  Memory: 191914
  MemModuleInfo:
    iNumMemSticks: 0
Checksum: 1B52A8B8E4E0CD9160A05A3C505B8CD9562EBC83