BaselineInfo:
  WebDBID: -1
  TimeStamp: 20211222182926
Version:
  Major: 10
  Minor: 1
  Build: 1005
  SpecialBuildName: ""
  ptArchitecture: x86_64_linux
Results:
  Results Complete: true
  NumTestProcesses: 2
  CPU_INTEGER_MATH: 5300.9593999999997
  CPU_FLOATINGPOINT_MATH: 4445.5858154795842
  CPU_PRIME: 18979512.797697164
  CPU_SORTING: 2759543.7022319455
  CPU_ENCRYPTION: 713491392.14423633
  CPU_COMPRESSION: 24556456.644531511
  CPU_SINGLETHREAD: 1249.0555370674829
  CPU_PHYSICS: 295.89173932108889
  CPU_MATRIX_MULT_SSE: 1646.262386215587
  CPU_mm: 245.0009553687953
  CPU_sse: 897.11648752423309
  CPU_fma: 1693.0645022933404
  CPU_avx: 2036.1352162058674
  CPU_avx512: 1958.733338838907
  m_CPU_enc_SHA: 373199189.26305991
  m_CPU_enc_AES: 1441984941.7036979
  m_CPU_enc_ECDSA: 325290045.46595097
  ME_ALLOC_S: 0
  ME_READ_S: 0
  ME_READ_L: 0
  ME_WRITE: 0
  ME_LARGE: 0
  ME_LATENCY: 0
  ME_THREADED: 0
  SUMM_CPU: 2057.0219783182965
  SUMM_ME: 0
SystemInformation:
  OSName: Ubuntu 20.04.3 LTS
  Kernel: 5.14.0
  Device: ""
  Processor: Intel(R) Xeon(R) Gold 5120 CPU @ 2.20GHz
  NumSockets: 1
  Manufacturer: GenuineIntel
  NumCores: 14
  NumLogicals: 28
  CPUFrequency: 2200
  Memory: 191914
  MemModuleInfo:
    iNumMemSticks: 0
Checksum: 75D1B6C3FC058C356328DFBB6264E7639B7467D2