BaselineInfo:
  WebDBID: -1
  TimeStamp: 20211222191352
Version:
  Major: 10
  Minor: 1
  Build: 1005
  SpecialBuildName: ""
  ptArchitecture: x86_64_linux
Results:
  Results Complete: true
  NumTestProcesses: 8
  CPU_INTEGER_MATH: 21205.009100000003
  CPU_FLOATINGPOINT_MATH: 17765.668293652012
  CPU_PRIME: 65898937.25089933
  CPU_SORTING: 11050713.782907566
  CPU_ENCRYPTION: 2857475125.7550316
  CPU_COMPRESSION: 98930707.071414292
  CPU_SINGLETHREAD: 1249.2766869855786
  CPU_PHYSICS: 956.12193451790654
  CPU_MATRIX_MULT_SSE: 6682.1544983669228
  CPU_mm: 979.44918573225084
  CPU_sse: 3582.5068787181899
  CPU_fma: 6772.9457765926963
  CPU_avx: 8140.9001817209846
  CPU_avx512: 8232.2651564358166
  m_CPU_enc_SHA: 1493599887.3030925
  m_CPU_enc_AES: 5774129191.2024632
  m_CPU_enc_ECDSA: 1304696298.7595394
  ME_ALLOC_S: 0
  ME_READ_S: 0
  ME_READ_L: 0
  ME_WRITE: 0
  ME_LARGE: 0
  ME_LATENCY: 0
  ME_THREADED: 0
  SUMM_CPU: 7656.6305517158971
  SUMM_ME: 0
SystemInformation:
  OSName: Ubuntu 20.04.3 LTS
  Kernel: 5.14.0
  Device: ""
  Processor: Intel(R) Xeon(R) Gold 5120 CPU @ 2.20GHz
  NumSockets: 1
  Manufacturer: GenuineIntel
  NumCores: 14
  NumLogicals: 28
  CPUFrequency: 2200
  Memory: 191914
  MemModuleInfo:
    iNumMemSticks: 0
Checksum: F5766A4B001380BC8B5C22D20881A51A0F74CE14