BaselineInfo:
  WebDBID: -1
  TimeStamp: 20211222190627
Version:
  Major: 10
  Minor: 1
  Build: 1005
  SpecialBuildName: ""
  ptArchitecture: x86_64_linux
Results:
  Results Complete: true
  NumTestProcesses: 7
  CPU_INTEGER_MATH: 18557.571750000003
  CPU_FLOATINGPOINT_MATH: 15537.092396014747
  CPU_PRIME: 60022666.844751619
  CPU_SORTING: 9701567.7515295707
  CPU_ENCRYPTION: 2500204226.3427377
  CPU_COMPRESSION: 86543717.813190311
  CPU_SINGLETHREAD: 1251.1821061730277
  CPU_PHYSICS: 854.79604347574787
  CPU_MATRIX_MULT_SSE: 5840.9427694685837
  CPU_mm: 853.88617397130167
  CPU_sse: 3127.1554048438525
  CPU_fma: 5929.15167710282
  CPU_avx: 7120.5962811791451
  CPU_avx512: 7186.8677147485196
  m_CPU_enc_SHA: 1306155043.7309723
  m_CPU_enc_AES: 5052369074.4479609
  m_CPU_enc_ECDSA: 1142088560.8492804
  ME_ALLOC_S: 0
  ME_READ_S: 0
  ME_READ_L: 0
  ME_WRITE: 0
  ME_LARGE: 0
  ME_LATENCY: 0
  ME_THREADED: 0
  SUMM_CPU: 6784.5347637603254
  SUMM_ME: 0
SystemInformation:
  OSName: Ubuntu 20.04.3 LTS
  Kernel: 5.14.0
  Device: ""
  Processor: Intel(R) Xeon(R) Gold 5120 CPU @ 2.20GHz
  NumSockets: 1
  Manufacturer: GenuineIntel
  NumCores: 14
  NumLogicals: 28
  CPUFrequency: 2200
  Memory: 191914
  MemModuleInfo:
    iNumMemSticks: 0
Checksum: B48F81B0F0F53CE91D058CDD6DA2EAB6E3E8158C