BaselineInfo:
  WebDBID: -1
  TimeStamp: 20211222211136
Version:
  Major: 10
  Minor: 1
  Build: 1005
  SpecialBuildName: ""
  ptArchitecture: x86_64_linux
Results:
  Results Complete: true
  NumTestProcesses: 23
  CPU_INTEGER_MATH: 49246.320650000009
  CPU_FLOATINGPOINT_MATH: 33362.875318676437
  CPU_PRIME: 93404061.361261994
  CPU_SORTING: 25100119.216932267
  CPU_ENCRYPTION: 7078678927.076685
  CPU_COMPRESSION: 227291476.01869977
  CPU_SINGLETHREAD: 1251.207026151239
  CPU_PHYSICS: 1757.2143145306736
  CPU_MATRIX_MULT_SSE: 12401.135644535567
  CPU_mm: 1727.5846688934794
  CPU_sse: 6378.584218116891
  CPU_fma: 12213.986961377348
  CPU_avx: 14617.564118270502
  CPU_avx512: 16394.407280377513
  m_CPU_enc_SHA: 2583313328.427247
  m_CPU_enc_AES: 16344145457.745438
  m_CPU_enc_ECDSA: 2308577995.057373
  ME_ALLOC_S: 0
  ME_READ_S: 0
  ME_READ_L: 0
  ME_WRITE: 0
  ME_LARGE: 0
  ME_LATENCY: 0
  ME_THREADED: 0
  SUMM_CPU: 15101.827710991369
  SUMM_ME: 0
SystemInformation:
  OSName: Ubuntu 20.04.3 LTS
  Kernel: 5.14.0
  Device: ""
  Processor: Intel(R) Xeon(R) Gold 5120 CPU @ 2.20GHz
  NumSockets: 1
  Manufacturer: GenuineIntel
  NumCores: 14
  NumLogicals: 28
  CPUFrequency: 2200
  Memory: 191914
  MemModuleInfo:
    iNumMemSticks: 0
Checksum: 24C7CA0FF254A42ECAD44E3F6DD05BE1CCEDD4F9