BaselineInfo:
  WebDBID: -1
  TimeStamp: 20211222183651
Version:
  Major: 10
  Minor: 1
  Build: 1005
  SpecialBuildName: ""
  ptArchitecture: x86_64_linux
Results:
  Results Complete: true
  NumTestProcesses: 3
  CPU_INTEGER_MATH: 7954.4104499999994
  CPU_FLOATINGPOINT_MATH: 6664.5637353676084
  CPU_PRIME: 28410140.690264449
  CPU_SORTING: 4144456.4978070101
  CPU_ENCRYPTION: 1071561764.9138587
  CPU_COMPRESSION: 36819802.519303717
  CPU_SINGLETHREAD: 1248.374124083078
  CPU_PHYSICS: 424.7933449064509
  CPU_MATRIX_MULT_SSE: 2484.5256366812773
  CPU_mm: 366.62247514429419
  CPU_sse: 1347.5577648010117
  CPU_fma: 2540.0867099562297
  CPU_avx: 3055.0251516082531
  CPU_avx512: 2995.4329203596153
  m_CPU_enc_SHA: 560163343.45440757
  m_CPU_enc_AES: 2164851793.0488653
  m_CPU_enc_ECDSA: 489670158.23830372
  ME_ALLOC_S: 0
  ME_READ_S: 0
  ME_READ_L: 0
  ME_WRITE: 0
  ME_LARGE: 0
  ME_LATENCY: 0
  ME_THREADED: 0
  SUMM_CPU: 3050.4849808403219
  SUMM_ME: 0
SystemInformation:
  OSName: Ubuntu 20.04.3 LTS
  Kernel: 5.14.0
  Device: ""
  Processor: Intel(R) Xeon(R) Gold 5120 CPU @ 2.20GHz
  NumSockets: 1
  Manufacturer: GenuineIntel
  NumCores: 14
  NumLogicals: 28
  CPUFrequency: 2200
  Memory: 191914
  MemModuleInfo:
    iNumMemSticks: 0
Checksum: D47A85F83E92D4A354D2F8FCFA963944BF8A59D1