BaselineInfo:
  WebDBID: -1
  TimeStamp: 20211222211945
Version:
  Major: 10
  Minor: 1
  Build: 1005
  SpecialBuildName: ""
  ptArchitecture: x86_64_linux
Results:
  Results Complete: true
  NumTestProcesses: 24
  CPU_INTEGER_MATH: 50640.533449999995
  CPU_FLOATINGPOINT_MATH: 33713.902163486884
  CPU_PRIME: 93254830.635976851
  CPU_SORTING: 25725909.922924064
  CPU_ENCRYPTION: 7299436786.5637302
  CPU_COMPRESSION: 234036919.1089907
  CPU_SINGLETHREAD: 1251.0153224341209
  CPU_PHYSICS: 1772.9086677004225
  CPU_MATRIX_MULT_SSE: 12472.060748612035
  CPU_mm: 1734.1631297873794
  CPU_sse: 6380.8888892784489
  CPU_fma: 12209.394203833592
  CPU_avx: 14661.456572195933
  CPU_avx512: 16636.503329140178
  m_CPU_enc_SHA: 2575855672.0412664
  m_CPU_enc_AES: 17014466947.994001
  m_CPU_enc_ECDSA: 2307987739.6559286
  ME_ALLOC_S: 0
  ME_READ_S: 0
  ME_READ_L: 0
  ME_WRITE: 0
  ME_LARGE: 0
  ME_LATENCY: 0
  ME_THREADED: 0
  SUMM_CPU: 15367.512422567355
  SUMM_ME: 0
SystemInformation:
  OSName: Ubuntu 20.04.3 LTS
  Kernel: 5.14.0
  Device: ""
  Processor: Intel(R) Xeon(R) Gold 5120 CPU @ 2.20GHz
  NumSockets: 1
  Manufacturer: GenuineIntel
  NumCores: 14
  NumLogicals: 28
  CPUFrequency: 2200
  Memory: 191914
  MemModuleInfo:
    iNumMemSticks: 0
Checksum: 9FCBD1BD8ADE58C3680D03F6931DF7B984B748CA