BaselineInfo:
  WebDBID: -1
  TimeStamp: 20211222214412
Version:
  Major: 10
  Minor: 1
  Build: 1005
  SpecialBuildName: ""
  ptArchitecture: x86_64_linux
Results:
  Results Complete: true
  NumTestProcesses: 27
  CPU_INTEGER_MATH: 54701.424599999984
  CPU_FLOATINGPOINT_MATH: 34541.511452238105
  CPU_PRIME: 92603274.368504003
  CPU_SORTING: 27520343.715110548
  CPU_ENCRYPTION: 7955600250.7470694
  CPU_COMPRESSION: 249219023.54747534
  CPU_SINGLETHREAD: 1251.1528625343071
  CPU_PHYSICS: 1746.1625037731551
  CPU_MATRIX_MULT_SSE: 12732.412924262175
  CPU_mm: 1743.7855232866475
  CPU_sse: 6431.3274424035353
  CPU_fma: 12416.862896334016
  CPU_avx: 14801.814835017365
  CPU_avx512: 17279.64652329377
  m_CPU_enc_SHA: 2575581355.7669353
  m_CPU_enc_AES: 18977469314.114807
  m_CPU_enc_ECDSA: 2313750082.3594661
  ME_ALLOC_S: 0
  ME_READ_S: 0
  ME_READ_L: 0
  ME_WRITE: 0
  ME_LARGE: 0
  ME_LATENCY: 0
  ME_THREADED: 0
  SUMM_CPU: 16057.021569805296
  SUMM_ME: 0
SystemInformation:
  OSName: Ubuntu 20.04.3 LTS
  Kernel: 5.14.0
  Device: ""
  Processor: Intel(R) Xeon(R) Gold 5120 CPU @ 2.20GHz
  NumSockets: 1
  Manufacturer: GenuineIntel
  NumCores: 14
  NumLogicals: 28
  CPUFrequency: 2200
  Memory: 191914
  MemModuleInfo:
    iNumMemSticks: 0
Checksum: D3C763F1D2C365EEE8DB7123E261068B42A25389