BaselineInfo:
  WebDBID: -1
  TimeStamp: 20211222213603
Version:
  Major: 10
  Minor: 1
  Build: 1005
  SpecialBuildName: ""
  ptArchitecture: x86_64_linux
Results:
  Results Complete: true
  NumTestProcesses: 26
  CPU_INTEGER_MATH: 53347.305500000002
  CPU_FLOATINGPOINT_MATH: 34264.227112050765
  CPU_PRIME: 92301550.645647407
  CPU_SORTING: 26875071.170439959
  CPU_ENCRYPTION: 7748729138.9071541
  CPU_COMPRESSION: 244310238.88281065
  CPU_SINGLETHREAD: 1248.3510194946039
  CPU_PHYSICS: 1758.0883202253674
  CPU_MATRIX_MULT_SSE: 12627.31737290956
  CPU_mm: 1740.0686334379568
  CPU_sse: 6386.6773304547842
  CPU_fma: 12335.608976273394
  CPU_avx: 14762.692988341965
  CPU_avx512: 17024.290196568101
  m_CPU_enc_SHA: 2578875179.3159714
  m_CPU_enc_AES: 18355788294.556602
  m_CPU_enc_ECDSA: 2311523942.8488836
  ME_ALLOC_S: 0
  ME_READ_S: 0
  ME_READ_L: 0
  ME_WRITE: 0
  ME_LARGE: 0
  ME_LATENCY: 0
  ME_THREADED: 0
  SUMM_CPU: 15822.554141646675
  SUMM_ME: 0
SystemInformation:
  OSName: Ubuntu 20.04.3 LTS
  Kernel: 5.14.0
  Device: ""
  Processor: Intel(R) Xeon(R) Gold 5120 CPU @ 2.20GHz
  NumSockets: 1
  Manufacturer: GenuineIntel
  NumCores: 14
  NumLogicals: 28
  CPUFrequency: 2200
  Memory: 191914
  MemModuleInfo:
    iNumMemSticks: 0
Checksum: AB7C95AF00CFB995EBE0BC4AAC149064A18FFA3D