BaselineInfo:
  WebDBID: -1
  TimeStamp: 20211222192116
Version:
  Major: 10
  Minor: 1
  Build: 1005
  SpecialBuildName: ""
  ptArchitecture: x86_64_linux
Results:
  Results Complete: true
  NumTestProcesses: 9
  CPU_INTEGER_MATH: 23857.508750000001
  CPU_FLOATINGPOINT_MATH: 19983.809499765881
  CPU_PRIME: 71649493.786701143
  CPU_SORTING: 12448003.310869899
  CPU_ENCRYPTION: 3215322773.9260006
  CPU_COMPRESSION: 111325984.25621021
  CPU_SINGLETHREAD: 1249.0246687273479
  CPU_PHYSICS: 1056.7295390679128
  CPU_MATRIX_MULT_SSE: 7533.2222497094244
  CPU_mm: 1103.1613970413318
  CPU_sse: 4060.0715570211323
  CPU_fma: 7625.0300744527322
  CPU_avx: 9160.2911115005754
  CPU_avx512: 9287.496255863256
  m_CPU_enc_SHA: 1679079790.3723011
  m_CPU_enc_AES: 6495524146.9989738
  m_CPU_enc_ECDSA: 1471364384.4067273
  ME_ALLOC_S: 0
  ME_READ_S: 0
  ME_READ_L: 0
  ME_WRITE: 0
  ME_LARGE: 0
  ME_LATENCY: 0
  ME_THREADED: 0
  SUMM_CPU: 8515.4569072694903
  SUMM_ME: 0
SystemInformation:
  OSName: Ubuntu 20.04.3 LTS
  Kernel: 5.14.0
  Device: ""
  Processor: Intel(R) Xeon(R) Gold 5120 CPU @ 2.20GHz
  NumSockets: 1
  Manufacturer: GenuineIntel
  NumCores: 14
  NumLogicals: 28
  CPUFrequency: 2200
  Memory: 191914
  MemModuleInfo:
    iNumMemSticks: 0
Checksum: E86D57FB0BE54E5098A9F389502F8EB1CC372604