BaselineInfo:
  WebDBID: -1
  TimeStamp: 20211222192840
Version:
  Major: 10
  Minor: 1
  Build: 1005
  SpecialBuildName: ""
  ptArchitecture: x86_64_linux
Results:
  Results Complete: true
  NumTestProcesses: 10
  CPU_INTEGER_MATH: 26505.222999999998
  CPU_FLOATINGPOINT_MATH: 22183.098747626871
  CPU_PRIME: 76927368.415668502
  CPU_SORTING: 13829185.272436066
  CPU_ENCRYPTION: 3571826620.6702633
  CPU_COMPRESSION: 123649220.51785067
  CPU_SINGLETHREAD: 1251.8826690984042
  CPU_PHYSICS: 1157.2302143290065
  CPU_MATRIX_MULT_SSE: 8366.011485400908
  CPU_mm: 1141.3073387262232
  CPU_sse: 4497.6171509442711
  CPU_fma: 8469.105401983843
  CPU_avx: 10170.50012520463
  CPU_avx512: 10326.823263470886
  m_CPU_enc_SHA: 1867249720.1847305
  m_CPU_enc_AES: 7218367594.0552254
  m_CPU_enc_ECDSA: 1629862547.7708335
  ME_ALLOC_S: 0
  ME_READ_S: 0
  ME_READ_L: 0
  ME_WRITE: 0
  ME_LARGE: 0
  ME_LATENCY: 0
  ME_THREADED: 0
  SUMM_CPU: 9350.9896626247446
  SUMM_ME: 0
SystemInformation:
  OSName: Ubuntu 20.04.3 LTS
  Kernel: 5.14.0
  Device: ""
  Processor: Intel(R) Xeon(R) Gold 5120 CPU @ 2.20GHz
  NumSockets: 1
  Manufacturer: GenuineIntel
  NumCores: 14
  NumLogicals: 28
  CPUFrequency: 2200
  Memory: 191914
  MemModuleInfo:
    iNumMemSticks: 0
Checksum: 5F5B84FB2B23575697ADC02EC7739B13C7589705