BaselineInfo:
  WebDBID: -1
  TimeStamp: 20211222201434
Version:
  Major: 10
  Minor: 1
  Build: 1005
  SpecialBuildName: ""
  ptArchitecture: x86_64_linux
Results:
  Results Complete: true
  NumTestProcesses: 16
  CPU_INTEGER_MATH: 39743.595450000001
  CPU_FLOATINGPOINT_MATH: 31494.177339439779
  CPU_PRIME: 95001358.957208559
  CPU_SORTING: 20628264.405332334
  CPU_ENCRYPTION: 5459530081.3940277
  CPU_COMPRESSION: 185290543.7924993
  CPU_SINGLETHREAD: 1250.9647669468732
  CPU_PHYSICS: 1603.9756891704851
  CPU_MATRIX_MULT_SSE: 11832.666522667267
  CPU_mm: 1708.0832767768738
  CPU_sse: 6266.728517015049
  CPU_fma: 11854.99588058699
  CPU_avx: 14304.111220027531
  CPU_avx512: 14904.830473039503
  m_CPU_enc_SHA: 2596262702.4263215
  m_CPU_enc_AES: 11498151976.942926
  m_CPU_enc_ECDSA: 2284175564.8128324
  ME_ALLOC_S: 0
  ME_READ_S: 0
  ME_READ_L: 0
  ME_WRITE: 0
  ME_LARGE: 0
  ME_LATENCY: 0
  ME_THREADED: 0
  SUMM_CPU: 13125.60283615045
  SUMM_ME: 0
SystemInformation:
  OSName: Ubuntu 20.04.3 LTS
  Kernel: 5.14.0
  Device: ""
  Processor: Intel(R) Xeon(R) Gold 5120 CPU @ 2.20GHz
  NumSockets: 1
  Manufacturer: GenuineIntel
  NumCores: 14
  NumLogicals: 28
  CPUFrequency: 2200
  Memory: 191914
  MemModuleInfo:
    iNumMemSticks: 0
Checksum: 15B0109CFA635DF8F029EC90993EAEEE7A30CF02