BaselineInfo:
  WebDBID: -1
  TimeStamp: 20211222194329
Version:
  Major: 10
  Minor: 1
  Build: 1005
  SpecialBuildName: ""
  ptArchitecture: x86_64_linux
Results:
  Results Complete: true
  NumTestProcesses: 12
  CPU_INTEGER_MATH: 31805.106749999999
  CPU_FLOATINGPOINT_MATH: 26620.643315016743
  CPU_PRIME: 86479504.288756832
  CPU_SORTING: 16591927.781208532
  CPU_ENCRYPTION: 4284031803.9116545
  CPU_COMPRESSION: 148485811.88958782
  CPU_SINGLETHREAD: 1248.8621467850073
  CPU_PHYSICS: 1333.0723975556507
  CPU_MATRIX_MULT_SSE: 10088.462924128931
  CPU_mm: 1322.6251766912346
  CPU_sse: 5383.4358684840636
  CPU_fma: 10164.820016010621
  CPU_avx: 12208.807858088801
  CPU_avx512: 12596.787953932242
  m_CPU_enc_SHA: 2237937882.4679179
  m_CPU_enc_AES: 8659537338.4365711
  m_CPU_enc_ECDSA: 1954620190.8304744
  ME_ALLOC_S: 0
  ME_READ_S: 0
  ME_READ_L: 0
  ME_WRITE: 0
  ME_LARGE: 0
  ME_LATENCY: 0
  ME_THREADED: 0
  SUMM_CPU: 10963.889348044077
  SUMM_ME: 0
SystemInformation:
  OSName: Ubuntu 20.04.3 LTS
  Kernel: 5.14.0
  Device: ""
  Processor: Intel(R) Xeon(R) Gold 5120 CPU @ 2.20GHz
  NumSockets: 1
  Manufacturer: GenuineIntel
  NumCores: 14
  NumLogicals: 28
  CPUFrequency: 2200
  Memory: 191914
  MemModuleInfo:
    iNumMemSticks: 0
Checksum: F0225BB93871562F349B3BCECB6B858E57617FF0