BaselineInfo:
  WebDBID: -1
  TimeStamp: 20211222184415
Version:
  Major: 10
  Minor: 1
  Build: 1005
  SpecialBuildName: ""
  ptArchitecture: x86_64_linux
Results:
  Results Complete: true
  NumTestProcesses: 4
  CPU_INTEGER_MATH: 10602.799200000001
  CPU_FLOATINGPOINT_MATH: 8899.4822279893124
  CPU_PRIME: 37484379.4212294
  CPU_SORTING: 5541246.5945209228
  CPU_ENCRYPTION: 1428049446.5758796
  CPU_COMPRESSION: 49240350.112820253
  CPU_SINGLETHREAD: 1250.2132177828739
  CPU_PHYSICS: 545.68143197358643
  CPU_MATRIX_MULT_SSE: 3324.4449527047673
  CPU_mm: 488.22446005979236
  CPU_sse: 1808.5424832003648
  CPU_fma: 3389.4981770174068
  CPU_avx: 4064.5057277697715
  CPU_avx512: 4035.2334228315267
  m_CPU_enc_SHA: 746400447.1607728
  m_CPU_enc_AES: 2885074630.7474871
  m_CPU_enc_ECDSA: 652673261.81937933
  ME_ALLOC_S: 0
  ME_READ_S: 0
  ME_READ_L: 0
  ME_WRITE: 0
  ME_LARGE: 0
  ME_LATENCY: 0
  ME_THREADED: 0
  SUMM_CPU: 4022.4035754590254
  SUMM_ME: 0
SystemInformation:
  OSName: Ubuntu 20.04.3 LTS
  Kernel: 5.14.0
  Device: ""
  Processor: Intel(R) Xeon(R) Gold 5120 CPU @ 2.20GHz
  NumSockets: 1
  Manufacturer: GenuineIntel
  NumCores: 14
  NumLogicals: 28
  CPUFrequency: 2200
  Memory: 191914
  MemModuleInfo:
    iNumMemSticks: 0
Checksum: B79B3E6450467BC47AC975462CA5AFF00E9A1797