BaselineInfo:
  WebDBID: -1
  TimeStamp: 20211222203900
Version:
  Major: 10
  Minor: 1
  Build: 1005
  SpecialBuildName: ""
  ptArchitecture: x86_64_linux
Results:
  Results Complete: true
  NumTestProcesses: 19
  CPU_INTEGER_MATH: 43824.497950000004
  CPU_FLOATINGPOINT_MATH: 32262.067976279643
  CPU_PRIME: 93913082.19114095
  CPU_SORTING: 22517935.002180841
  CPU_ENCRYPTION: 6159083459.6688261
  CPU_COMPRESSION: 204131858.78036559
  CPU_SINGLETHREAD: 1250.900444194534
  CPU_PHYSICS: 1693.1907072642707
  CPU_MATRIX_MULT_SSE: 12035.156829180531
  CPU_mm: 1724.2048585598866
  CPU_sse: 6239.3069798005972
  CPU_fma: 11962.519034727215
  CPU_avx: 14352.007731990943
  CPU_avx512: 15586.793570203348
  m_CPU_enc_SHA: 2592647683.8858585
  m_CPU_enc_AES: 13591989051.285339
  m_CPU_enc_ECDSA: 2292613643.8352842
  ME_ALLOC_S: 0
  ME_READ_S: 0
  ME_READ_L: 0
  ME_WRITE: 0
  ME_LARGE: 0
  ME_LATENCY: 0
  ME_THREADED: 0
  SUMM_CPU: 14013.017010339056
  SUMM_ME: 0
SystemInformation:
  OSName: Ubuntu 20.04.3 LTS
  Kernel: 5.14.0
  Device: ""
  Processor: Intel(R) Xeon(R) Gold 5120 CPU @ 2.20GHz
  NumSockets: 1
  Manufacturer: GenuineIntel
  NumCores: 14
  NumLogicals: 28
  CPUFrequency: 2200
  Memory: 191914
  MemModuleInfo:
    iNumMemSticks: 0
Checksum: 24DC67083FA6DA5265464B22CDA55731A6BAFF7F