BaselineInfo:
  WebDBID: -1
  TimeStamp: 20211221204621
Version:
  Major: 10
  Minor: 1
  Build: 1005
  SpecialBuildName: ""
  ptArchitecture: x86_64_linux
Results:
  Results Complete: true
  NumTestProcesses: 10
  CPU_INTEGER_MATH: 26522.199099999998
  CPU_FLOATINGPOINT_MATH: 22958.378916701811
  CPU_PRIME: 78256185.101342797
  CPU_SORTING: 18003094.334523104
  CPU_ENCRYPTION: 3582669396.8283663
  CPU_COMPRESSION: 123678700.72303449
  CPU_SINGLETHREAD: 1308.7365156323995
  CPU_PHYSICS: 1191.579646905951
  CPU_MATRIX_MULT_SSE: 8388.2655955319497
  CPU_mm: 1243.5678274172071
  CPU_sse: 4560.9493516926705
  CPU_fma: 8447.0726576261186
  CPU_avx: 10220.238386741294
  CPU_avx512: 10324.80198606772
  m_CPU_enc_SHA: 1873603375.9129593
  m_CPU_enc_AES: 7221805973.8743935
  m_CPU_enc_ECDSA: 1652598840.6977444
  ME_ALLOC_S: 0
  ME_READ_S: 0
  ME_READ_L: 0
  ME_WRITE: 0
  ME_LARGE: 0
  ME_LATENCY: 0
  ME_THREADED: 0
  SUMM_CPU: 9713.1177879159986
  SUMM_ME: 0
SystemInformation:
  OSName: Ubuntu 20.04.3 LTS
  Kernel: 5.14.0
  Device: ""
  Processor: Intel(R) Xeon(R) Gold 5120 CPU @ 2.20GHz
  NumSockets: 1
  Manufacturer: GenuineIntel
  NumCores: 14
  NumLogicals: 14
  CPUFrequency: 2200
  Memory: 191917
  MemModuleInfo:
    iNumMemSticks: 0
Checksum: FA3CC0AC0498E736EB0294E39A91861AFE75DF73