BaselineInfo:
  WebDBID: -1
  TimeStamp: 20211221211600
Version:
  Major: 10
  Minor: 1
  Build: 1005
  SpecialBuildName: ""
  ptArchitecture: x86_64_linux
Results:
  Results Complete: true
  NumTestProcesses: 14
  CPU_INTEGER_MATH: 36970.172149999999
  CPU_FLOATINGPOINT_MATH: 32009.879056421181
  CPU_PRIME: 97792243.537909925
  CPU_SORTING: 25079155.425496235
  CPU_ENCRYPTION: 4993482380.1575966
  CPU_COMPRESSION: 172300689.44749498
  CPU_SINGLETHREAD: 1309.9322720174491
  CPU_PHYSICS: 1544.2345942449833
  CPU_MATRIX_MULT_SSE: 11673.500665277144
  CPU_mm: 1728.7288975921772
  CPU_sse: 6353.1521086712855
  CPU_fma: 11700.802158992325
  CPU_avx: 14121.943909288542
  CPU_avx512: 14518.104484156427
  m_CPU_enc_SHA: 2611601867.4274869
  m_CPU_enc_AES: 10065005486.588783
  m_CPU_enc_ECDSA: 2303839786.4565177
  ME_ALLOC_S: 0
  ME_READ_S: 0
  ME_READ_L: 0
  ME_WRITE: 0
  ME_LARGE: 0
  ME_LATENCY: 0
  ME_THREADED: 0
  SUMM_CPU: 12945.48474388881
  SUMM_ME: 0
SystemInformation:
  OSName: Ubuntu 20.04.3 LTS
  Kernel: 5.14.0
  Device: ""
  Processor: Intel(R) Xeon(R) Gold 5120 CPU @ 2.20GHz
  NumSockets: 1
  Manufacturer: GenuineIntel
  NumCores: 14
  NumLogicals: 14
  CPUFrequency: 2200
  Memory: 191917
  MemModuleInfo:
    iNumMemSticks: 0
Checksum: C09DBA120AEBA9A5C2924DD85E407F585A2D4622