BaselineInfo:
  WebDBID: -1
  TimeStamp: 20211221205346
Version:
  Major: 10
  Minor: 1
  Build: 1005
  SpecialBuildName: ""
  ptArchitecture: x86_64_linux
Results:
  Results Complete: true
  NumTestProcesses: 11
  CPU_INTEGER_MATH: 29174.6384
  CPU_FLOATINGPOINT_MATH: 25255.046746448577
  CPU_PRIME: 83880277.898700088
  CPU_SORTING: 19816476.763163831
  CPU_ENCRYPTION: 3940902209.9171543
  CPU_COMPRESSION: 136104378.42481875
  CPU_SINGLETHREAD: 1309.6407762060535
  CPU_PHYSICS: 1296.440750093853
  CPU_MATRIX_MULT_SSE: 9234.8921925684917
  CPU_mm: 1367.9242052008153
  CPU_sse: 5001.6966756531365
  CPU_fma: 9307.8594237460838
  CPU_avx: 11244.28291373625
  CPU_avx512: 11385.729757138499
  m_CPU_enc_SHA: 2060999582.3970463
  m_CPU_enc_AES: 7943026489.0165033
  m_CPU_enc_ECDSA: 1818680558.3379161
  ME_ALLOC_S: 0
  ME_READ_S: 0
  ME_READ_L: 0
  ME_WRITE: 0
  ME_LARGE: 0
  ME_LATENCY: 0
  ME_THREADED: 0
  SUMM_CPU: 10568.514783379198
  SUMM_ME: 0
SystemInformation:
  OSName: Ubuntu 20.04.3 LTS
  Kernel: 5.14.0
  Device: ""
  Processor: Intel(R) Xeon(R) Gold 5120 CPU @ 2.20GHz
  NumSockets: 1
  Manufacturer: GenuineIntel
  NumCores: 14
  NumLogicals: 14
  CPUFrequency: 2200
  Memory: 191917
  MemModuleInfo:
    iNumMemSticks: 0
Checksum: A6FCFE07791D4E4EA0ADFD2611235767224EE756