BaselineInfo:
  WebDBID: -1
  TimeStamp: 20211221203133
Version:
  Major: 10
  Minor: 1
  Build: 1005
  SpecialBuildName: ""
  ptArchitecture: x86_64_linux
Results:
  Results Complete: true
  NumTestProcesses: 8
  CPU_INTEGER_MATH: 21218.097949999999
  CPU_FLOATINGPOINT_MATH: 18367.314735910251
  CPU_PRIME: 67323022.585384443
  CPU_SORTING: 14440307.677562315
  CPU_ENCRYPTION: 2865621026.3525267
  CPU_COMPRESSION: 98893064.31025058
  CPU_SINGLETHREAD: 1308.9928899663087
  CPU_PHYSICS: 1003.4231330185567
  CPU_MATRIX_MULT_SSE: 6708.1817972157423
  CPU_mm: 994.75769736989866
  CPU_sse: 3635.8339771093752
  CPU_fma: 6774.3318337122673
  CPU_avx: 8190.7920454825889
  CPU_avx512: 8231.769332558737
  m_CPU_enc_SHA: 1498836733.6727726
  m_CPU_enc_AES: 5776908554.7179451
  m_CPU_enc_ECDSA: 1321117790.6668615
  ME_ALLOC_S: 0
  ME_READ_S: 0
  ME_READ_L: 0
  ME_WRITE: 0
  ME_LARGE: 0
  ME_LATENCY: 0
  ME_THREADED: 0
  SUMM_CPU: 7961.4947363978308
  SUMM_ME: 0
SystemInformation:
  OSName: Ubuntu 20.04.3 LTS
  Kernel: 5.14.0
  Device: ""
  Processor: Intel(R) Xeon(R) Gold 5120 CPU @ 2.20GHz
  NumSockets: 1
  Manufacturer: GenuineIntel
  NumCores: 14
  NumLogicals: 14
  CPUFrequency: 2200
  Memory: 191917
  MemModuleInfo:
    iNumMemSticks: 0
Checksum: A005B7C50693EAA834CEC31A04B3F0F0C2D042E1