BaselineInfo:
  WebDBID: -1
  TimeStamp: 20211221195432
Version:
  Major: 10
  Minor: 1
  Build: 1005
  SpecialBuildName: ""
  ptArchitecture: x86_64_linux
Results:
  Results Complete: true
  NumTestProcesses: 3
  CPU_INTEGER_MATH: 7957.6019000000006
  CPU_FLOATINGPOINT_MATH: 6888.4742341462643
  CPU_PRIME: 28979458.098850343
  CPU_SORTING: 5393930.564024549
  CPU_ENCRYPTION: 1074455112.7285032
  CPU_COMPRESSION: 36880977.649235718
  CPU_SINGLETHREAD: 1308.4457439316973
  CPU_PHYSICS: 448.69360229794739
  CPU_MATRIX_MULT_SSE: 2490.0985719396135
  CPU_mm: 371.31322871148387
  CPU_sse: 1377.9021754006212
  CPU_fma: 2540.5815945092345
  CPU_avx: 3052.3192361071033
  CPU_avx512: 2989.5912817414937
  m_CPU_enc_SHA: 562071456.24044013
  m_CPU_enc_AES: 2166991360.2067814
  m_CPU_enc_ECDSA: 494302521.73828781
  ME_ALLOC_S: 0
  ME_READ_S: 0
  ME_READ_L: 0
  ME_WRITE: 0
  ME_LARGE: 0
  ME_LATENCY: 0
  ME_THREADED: 0
  SUMM_CPU: 3169.7470038622823
  SUMM_ME: 0
SystemInformation:
  OSName: Ubuntu 20.04.3 LTS
  Kernel: 5.14.0
  Device: ""
  Processor: Intel(R) Xeon(R) Gold 5120 CPU @ 2.20GHz
  NumSockets: 1
  Manufacturer: GenuineIntel
  NumCores: 14
  NumLogicals: 14
  CPUFrequency: 2200
  Memory: 191917
  MemModuleInfo:
    iNumMemSticks: 0
Checksum: 0643390C6A4F41C6EAFB65428CC69EAF3544A8A3