BaselineInfo:
  WebDBID: -1
  TimeStamp: 20211221210834
Version:
  Major: 10
  Minor: 1
  Build: 1005
  SpecialBuildName: ""
  ptArchitecture: x86_64_linux
Results:
  Results Complete: true
  NumTestProcesses: 13
  CPU_INTEGER_MATH: 34479.229449999999
  CPU_FLOATINGPOINT_MATH: 29840.670116762711
  CPU_PRIME: 93449066.581038326
  CPU_SORTING: 23399671.274376415
  CPU_ENCRYPTION: 4657336553.7351627
  CPU_COMPRESSION: 160864343.97280213
  CPU_SINGLETHREAD: 1309.7961622124426
  CPU_PHYSICS: 1473.0663756715562
  CPU_MATRIX_MULT_SSE: 10888.426110096201
  CPU_mm: 1615.9596502956381
  CPU_sse: 5913.4193124600915
  CPU_fma: 10937.97132823983
  CPU_avx: 13215.722759057722
  CPU_avx512: 13486.591040627163
  m_CPU_enc_SHA: 2435954368.6331315
  m_CPU_enc_AES: 9387865147.2285061
  m_CPU_enc_ECDSA: 2148190145.3438492
  ME_ALLOC_S: 0
  ME_READ_S: 0
  ME_READ_L: 0
  ME_WRITE: 0
  ME_LARGE: 0
  ME_LATENCY: 0
  ME_THREADED: 0
  SUMM_CPU: 12204.260956034323
  SUMM_ME: 0
SystemInformation:
  OSName: Ubuntu 20.04.3 LTS
  Kernel: 5.14.0
  Device: ""
  Processor: Intel(R) Xeon(R) Gold 5120 CPU @ 2.20GHz
  NumSockets: 1
  Manufacturer: GenuineIntel
  NumCores: 14
  NumLogicals: 14
  CPUFrequency: 2200
  Memory: 191917
  MemModuleInfo:
    iNumMemSticks: 0
Checksum: FF2DB3294A9800452AF7CC3787230BE49595DFDC