BaselineInfo:
  WebDBID: -1
  TimeStamp: 20211221200156
Version:
  Major: 10
  Minor: 1
  Build: 1005
  SpecialBuildName: ""
  ptArchitecture: x86_64_linux
Results:
  Results Complete: true
  NumTestProcesses: 4
  CPU_INTEGER_MATH: 10608.869699999999
  CPU_FLOATINGPOINT_MATH: 9183.7432711079309
  CPU_PRIME: 38077479.254704989
  CPU_SORTING: 7221134.9291612785
  CPU_ENCRYPTION: 1432609171.5227251
  CPU_COMPRESSION: 49226675.895944044
  CPU_SINGLETHREAD: 1308.3766128303851
  CPU_PHYSICS: 568.64115686378614
  CPU_MATRIX_MULT_SSE: 3334.5243836092659
  CPU_mm: 497.62217176988872
  CPU_sse: 1821.4494313345815
  CPU_fma: 3379.7974486321837
  CPU_avx: 4094.8530566412383
  CPU_avx512: 4041.9975978290595
  m_CPU_enc_SHA: 749401689.23886895
  m_CPU_enc_AES: 2888774756.7232742
  m_CPU_enc_ECDSA: 659651068.60603201
  ME_ALLOC_S: 0
  ME_READ_S: 0
  ME_READ_L: 0
  ME_WRITE: 0
  ME_LARGE: 0
  ME_LATENCY: 0
  ME_THREADED: 0
  SUMM_CPU: 4177.0634543168053
  SUMM_ME: 0
SystemInformation:
  OSName: Ubuntu 20.04.3 LTS
  Kernel: 5.14.0
  Device: ""
  Processor: Intel(R) Xeon(R) Gold 5120 CPU @ 2.20GHz
  NumSockets: 1
  Manufacturer: GenuineIntel
  NumCores: 14
  NumLogicals: 14
  CPUFrequency: 2200
  Memory: 191917
  MemModuleInfo:
    iNumMemSticks: 0
Checksum: CD732867C678638AD26301A51047DFC664295400