BaselineInfo:
  WebDBID: -1
  TimeStamp: 20211221193943
Version:
  Major: 10
  Minor: 1
  Build: 1005
  SpecialBuildName: ""
  ptArchitecture: x86_64_linux
Results:
  Results Complete: true
  NumTestProcesses: 1
  CPU_INTEGER_MATH: 2653.7137499999999
  CPU_FLOATINGPOINT_MATH: 2296.9163504663752
  CPU_PRIME: 9698534.8765850216
  CPU_SORTING: 1803172.443665755
  CPU_ENCRYPTION: 358030126.88463068
  CPU_COMPRESSION: 12201639.384519201
  CPU_SINGLETHREAD: 1308.1682274409391
  CPU_PHYSICS: 156.98873827240539
  CPU_MATRIX_MULT_SSE: 811.35619236285504
  CPU_mm: 124.39386165816161
  CPU_sse: 456.9482440405053
  CPU_fma: 829.16654816266532
  CPU_avx: 1023.8232915971462
  CPU_avx512: 935.48668565110336
  m_CPU_enc_SHA: 187475208.71572
  m_CPU_enc_AES: 722451890.32329965
  m_CPU_enc_ECDSA: 164163281.6148721
  ME_ALLOC_S: 0
  ME_READ_S: 0
  ME_READ_L: 0
  ME_WRITE: 0
  ME_LARGE: 0
  ME_LATENCY: 0
  ME_THREADED: 0
  SUMM_CPU: 1078.1045074270364
  SUMM_ME: 0
SystemInformation:
  OSName: Ubuntu 20.04.3 LTS
  Kernel: 5.14.0
  Device: ""
  Processor: Intel(R) Xeon(R) Gold 5120 CPU @ 2.20GHz
  NumSockets: 1
  Manufacturer: GenuineIntel
  NumCores: 14
  NumLogicals: 14
  CPUFrequency: 2200
  Memory: 191917
  MemModuleInfo:
    iNumMemSticks: 0
Checksum: AB08E6CF3467B4368AED00701FFD2FB9F417B847