BaselineInfo:
  WebDBID: -1
  TimeStamp: 20211221210110
Version:
  Major: 10
  Minor: 1
  Build: 1005
  SpecialBuildName: ""
  ptArchitecture: x86_64_linux
Results:
  Results Complete: true
  NumTestProcesses: 12
  CPU_INTEGER_MATH: 31829.541400000002
  CPU_FLOATINGPOINT_MATH: 27550.962914337688
  CPU_PRIME: 88515020.027647227
  CPU_SORTING: 21610108.102280382
  CPU_ENCRYPTION: 4299362109.0034809
  CPU_COMPRESSION: 148377401.38777378
  CPU_SINGLETHREAD: 1309.175069840803
  CPU_PHYSICS: 1378.6028655943926
  CPU_MATRIX_MULT_SSE: 10056.822383206912
  CPU_mm: 1482.7064454568681
  CPU_sse: 5422.41633565353
  CPU_fma: 10122.760973941449
  CPU_avx: 12249.921682402804
  CPU_avx512: 12432.190540829873
  m_CPU_enc_SHA: 2248722802.6202974
  m_CPU_enc_AES: 8665843470.2560577
  m_CPU_enc_ECDSA: 1983520054.1340904
  ME_ALLOC_S: 0
  ME_READ_S: 0
  ME_READ_L: 0
  ME_WRITE: 0
  ME_LARGE: 0
  ME_LATENCY: 0
  ME_THREADED: 0
  SUMM_CPU: 11390.737851304571
  SUMM_ME: 0
SystemInformation:
  OSName: Ubuntu 20.04.3 LTS
  Kernel: 5.14.0
  Device: ""
  Processor: Intel(R) Xeon(R) Gold 5120 CPU @ 2.20GHz
  NumSockets: 1
  Manufacturer: GenuineIntel
  NumCores: 14
  NumLogicals: 14
  CPUFrequency: 2200
  Memory: 191917
  MemModuleInfo:
    iNumMemSticks: 0
Checksum: 42D184FC506D179F1832F3F62C9D062086DFD8EB