BaselineInfo:
  WebDBID: -1
  TimeStamp: 20211221202409
Version:
  Major: 10
  Minor: 1
  Build: 1005
  SpecialBuildName: ""
  ptArchitecture: x86_64_linux
Results:
  Results Complete: true
  NumTestProcesses: 7
  CPU_INTEGER_MATH: 18561.34895
  CPU_FLOATINGPOINT_MATH: 16069.866140476101
  CPU_PRIME: 60835271.031388551
  CPU_SORTING: 12622299.164487809
  CPU_ENCRYPTION: 2507015609.3009062
  CPU_COMPRESSION: 86441962.760319456
  CPU_SINGLETHREAD: 1309.6667114278034
  CPU_PHYSICS: 895.46710799598043
  CPU_MATRIX_MULT_SSE: 5865.8960656246727
  CPU_mm: 865.82334509905672
  CPU_sse: 3190.7533196383974
  CPU_fma: 5921.4400849760486
  CPU_avx: 7162.6824907054888
  CPU_avx512: 7188.7083671787577
  m_CPU_enc_SHA: 1311210677.2463861
  m_CPU_enc_AES: 5055275073.8523817
  m_CPU_enc_ECDSA: 1154561076.8039501
  ME_ALLOC_S: 0
  ME_READ_S: 0
  ME_READ_L: 0
  ME_WRITE: 0
  ME_LARGE: 0
  ME_LATENCY: 0
  ME_THREADED: 0
  SUMM_CPU: 7047.2656041723494
  SUMM_ME: 0
SystemInformation:
  OSName: Ubuntu 20.04.3 LTS
  Kernel: 5.14.0
  Device: ""
  Processor: Intel(R) Xeon(R) Gold 5120 CPU @ 2.20GHz
  NumSockets: 1
  Manufacturer: GenuineIntel
  NumCores: 14
  NumLogicals: 14
  CPUFrequency: 2200
  Memory: 191917
  MemModuleInfo:
    iNumMemSticks: 0
Checksum: 22E6F61E344A3B48C85F0DDBF53CF076AABFEE38