BaselineInfo:
  WebDBID: -1
  TimeStamp: 20211221194707
Version:
  Major: 10
  Minor: 1
  Build: 1005
  SpecialBuildName: ""
  ptArchitecture: x86_64_linux
Results:
  Results Complete: true
  NumTestProcesses: 2
  CPU_INTEGER_MATH: 5304.8146999999999
  CPU_FLOATINGPOINT_MATH: 4592.3442340965366
  CPU_PRIME: 19353321.431468301
  CPU_SORTING: 3613714.1905284906
  CPU_ENCRYPTION: 716158441.81048536
  CPU_COMPRESSION: 24536670.214150328
  CPU_SINGLETHREAD: 1309.7416207680535
  CPU_PHYSICS: 310.49215457158436
  CPU_MATRIX_MULT_SSE: 1650.812485713793
  CPU_mm: 247.51885994042564
  CPU_sse: 918.01679806153174
  CPU_fma: 1695.2373603176161
  CPU_avx: 2037.8236314367098
  CPU_avx512: 1952.1721530393145
  m_CPU_enc_SHA: 374788376.56962436
  m_CPU_enc_AES: 1444393562.4845169
  m_CPU_enc_ECDSA: 329293386.3773151
  ME_ALLOC_S: 0
  ME_READ_S: 0
  ME_READ_L: 0
  ME_WRITE: 0
  ME_LARGE: 0
  ME_LATENCY: 0
  ME_THREADED: 0
  SUMM_CPU: 2137.914040626958
  SUMM_ME: 0
SystemInformation:
  OSName: Ubuntu 20.04.3 LTS
  Kernel: 5.14.0
  Device: ""
  Processor: Intel(R) Xeon(R) Gold 5120 CPU @ 2.20GHz
  NumSockets: 1
  Manufacturer: GenuineIntel
  NumCores: 14
  NumLogicals: 14
  CPUFrequency: 2200
  Memory: 191917
  MemModuleInfo:
    iNumMemSticks: 0
Checksum: EA887C950E0B42C5A54F805C746AF6D190578F9A