BaselineInfo:
  WebDBID: -1
  TimeStamp: 20211221201645
Version:
  Major: 10
  Minor: 1
  Build: 1005
  SpecialBuildName: ""
  ptArchitecture: x86_64_linux
Results:
  Results Complete: true
  NumTestProcesses: 6
  CPU_INTEGER_MATH: 15914.671300000002
  CPU_FLOATINGPOINT_MATH: 13770.593337991413
  CPU_PRIME: 54196680.658600599
  CPU_SORTING: 10823540.69184467
  CPU_ENCRYPTION: 2148938979.7326021
  CPU_COMPRESSION: 73917656.624260843
  CPU_SINGLETHREAD: 1309.3060730437387
  CPU_PHYSICS: 788.53122886634162
  CPU_MATRIX_MULT_SSE: 5017.8895597448382
  CPU_mm: 741.6644729626687
  CPU_sse: 2716.8903187421984
  CPU_fma: 5077.0734570991171
  CPU_avx: 6139.8066859918017
  CPU_avx512: 6137.7877771462336
  m_CPU_enc_SHA: 1124015573.3790169
  m_CPU_enc_AES: 4333297748.2961903
  m_CPU_enc_ECDSA: 989503617.52260017
  ME_ALLOC_S: 0
  ME_READ_S: 0
  ME_READ_L: 0
  ME_WRITE: 0
  ME_LARGE: 0
  ME_LATENCY: 0
  ME_THREADED: 0
  SUMM_CPU: 6112.6036622488573
  SUMM_ME: 0
SystemInformation:
  OSName: Ubuntu 20.04.3 LTS
  Kernel: 5.14.0
  Device: ""
  Processor: Intel(R) Xeon(R) Gold 5120 CPU @ 2.20GHz
  NumSockets: 1
  Manufacturer: GenuineIntel
  NumCores: 14
  NumLogicals: 14
  CPUFrequency: 2200
  Memory: 191917
  MemModuleInfo:
    iNumMemSticks: 0
Checksum: 5EB21AD0E6F465F6AACB41BD532CB388FC555E7C