BaselineInfo:
  WebDBID: -1
  TimeStamp: 20211221203857
Version:
  Major: 10
  Minor: 1
  Build: 1005
  SpecialBuildName: ""
  ptArchitecture: x86_64_linux
Results:
  Results Complete: true
  NumTestProcesses: 9
  CPU_INTEGER_MATH: 23871.708749999998
  CPU_FLOATINGPOINT_MATH: 20662.217459675718
  CPU_PRIME: 72463579.918168902
  CPU_SORTING: 16209665.877071476
  CPU_ENCRYPTION: 3224043460.4808264
  CPU_COMPRESSION: 111215394.63947473
  CPU_SINGLETHREAD: 1308.7548397461101
  CPU_PHYSICS: 1098.5114604879575
  CPU_MATRIX_MULT_SSE: 7548.3762177234421
  CPU_mm: 1112.5233709209072
  CPU_sse: 4098.957160016018
  CPU_fma: 7615.4087256706216
  CPU_avx: 9200.9227807704156
  CPU_avx512: 9278.2162044367124
  m_CPU_enc_SHA: 1686168525.9713848
  m_CPU_enc_AES: 6499011441.85252
  m_CPU_enc_ECDSA: 1486950413.6185739
  ME_ALLOC_S: 0
  ME_READ_S: 0
  ME_READ_L: 0
  ME_WRITE: 0
  ME_LARGE: 0
  ME_LATENCY: 0
  ME_THREADED: 0
  SUMM_CPU: 8844.25818819095
  SUMM_ME: 0
SystemInformation:
  OSName: Ubuntu 20.04.3 LTS
  Kernel: 5.14.0
  Device: ""
  Processor: Intel(R) Xeon(R) Gold 5120 CPU @ 2.20GHz
  NumSockets: 1
  Manufacturer: GenuineIntel
  NumCores: 14
  NumLogicals: 14
  CPUFrequency: 2200
  Memory: 191917
  MemModuleInfo:
    iNumMemSticks: 0
Checksum: 7482A2F6C0F61A4B56AA436AA0DD39A267FC3EB9