BaselineInfo:
  WebDBID: -1
  TimeStamp: 20211221200920
Version:
  Major: 10
  Minor: 1
  Build: 1005
  SpecialBuildName: ""
  ptArchitecture: x86_64_linux
Results:
  Results Complete: true
  NumTestProcesses: 5
  CPU_INTEGER_MATH: 13262.544400000001
  CPU_FLOATINGPOINT_MATH: 11478.756518126411
  CPU_PRIME: 46401155.927498117
  CPU_SORTING: 9009894.5616356246
  CPU_ENCRYPTION: 1790777594.0511417
  CPU_COMPRESSION: 61454290.037735187
  CPU_SINGLETHREAD: 1304.8731629692038
  CPU_PHYSICS: 682.12062326209457
  CPU_MATRIX_MULT_SSE: 4171.765093134276
  CPU_mm: 620.20686371594365
  CPU_sse: 2274.1460003565148
  CPU_fma: 4217.6361564423805
  CPU_avx: 5113.0801687281783
  CPU_avx512: 5082.1980470100316
  m_CPU_enc_SHA: 936782278.7160219
  m_CPU_enc_AES: 3610611326.7074924
  m_CPU_enc_ECDSA: 824939176.72991192
  ME_ALLOC_S: 0
  ME_READ_S: 0
  ME_READ_L: 0
  ME_WRITE: 0
  ME_LARGE: 0
  ME_LATENCY: 0
  ME_THREADED: 0
  SUMM_CPU: 5153.3332490685625
  SUMM_ME: 0
SystemInformation:
  OSName: Ubuntu 20.04.3 LTS
  Kernel: 5.14.0
  Device: ""
  Processor: Intel(R) Xeon(R) Gold 5120 CPU @ 2.20GHz
  NumSockets: 1
  Manufacturer: GenuineIntel
  NumCores: 14
  NumLogicals: 14
  CPUFrequency: 2200
  Memory: 191917
  MemModuleInfo:
    iNumMemSticks: 0
Checksum: 99A719A9C6DF9EEA849AB8D44AAC4F1FB979D9E9