BaselineInfo:
  WebDBID: -1
  TimeStamp: 20220916140816
Version:
  Major: 10
  Minor: 1
  Build: 1005
  SpecialBuildName: ""
  ptArchitecture: x86_64_linux
Results:
  Results Complete: true
  NumTestProcesses: 8
  CPU_INTEGER_MATH: 22562.518450000003
  CPU_FLOATINGPOINT_MATH: 13107.732872212609
  CPU_PRIME: 20329381.899360836
  CPU_SORTING: 9940307.8506009281
  CPU_ENCRYPTION: 2428827183.4426022
  CPU_COMPRESSION: 72742607.218215615
  CPU_SINGLETHREAD: 2090.404975292342
  CPU_PHYSICS: 450.93155392701271
  CPU_MATRIX_MULT_SSE: 3062.5947544082496
  CPU_mm: 476.91106418309926
  CPU_sse: 1800.6221922566895
  CPU_fma: 3493.8054958785765
  CPU_avx: 3893.3565750894818
  CPU_avx512: 0
  m_CPU_enc_SHA: 761912728.32447004
  m_CPU_enc_AES: 5845873481.9163609
  m_CPU_enc_ECDSA: 678695340.08697653
  ME_ALLOC_S: 0
  ME_READ_S: 0
  ME_READ_L: 0
  ME_WRITE: 0
  ME_LARGE: 0
  ME_LATENCY: 0
  ME_THREADED: 0
  SUMM_CPU: 5826.8412718220898
  SUMM_ME: 0
SystemInformation:
  OSName: Ubuntu 20.04.3 LTS
  Kernel: 5.15.0-43-generic
  Device: ""
  Processor: Intel(R) Core(TM) i7-8665U CPU @ 1.90GHz
  NumSockets: 1
  Manufacturer: GenuineIntel
  NumCores: 4
  NumLogicals: 8
  CPUFrequency: 4800
  Memory: 15781
  MemModuleInfo:
    iNumMemSticks: 0
Checksum: 174DC772A4A9C1D1B7661AA31103DE540469D598