BaselineInfo:
  WebDBID: -1
  TimeStamp: 20220916134221
Version:
  Major: 10
  Minor: 1
  Build: 1005
  SpecialBuildName: ""
  ptArchitecture: x86_64_linux
Results:
  Results Complete: true
  NumTestProcesses: 5
  CPU_INTEGER_MATH: 18212.17095
  CPU_FLOATINGPOINT_MATH: 12480.178638688958
  CPU_PRIME: 24661617.942090765
  CPU_SORTING: 8300415.8166715
  CPU_ENCRYPTION: 1870423478.6297452
  CPU_COMPRESSION: 60393893.4772221
  CPU_SINGLETHREAD: 1950.9119505758886
  CPU_PHYSICS: 463.63014935130832
  CPU_MATRIX_MULT_SSE: 3084.0586384460676
  CPU_mm: 496.80958123907692
  CPU_sse: 1869.1831730308745
  CPU_fma: 3465.5286629561056
  CPU_avx: 3917.4640793512217
  CPU_avx512: 0
  m_CPU_enc_SHA: 818765488.32364011
  m_CPU_enc_AES: 4079694939.4939489
  m_CPU_enc_ECDSA: 712810008.07164633
  ME_ALLOC_S: 0
  ME_READ_S: 0
  ME_READ_L: 0
  ME_WRITE: 0
  ME_LARGE: 0
  ME_LATENCY: 0
  ME_THREADED: 0
  SUMM_CPU: 5147.0989734248287
  SUMM_ME: 0
SystemInformation:
  OSName: Ubuntu 20.04.3 LTS
  Kernel: 5.15.0-43-generic
  Device: ""
  Processor: Intel(R) Core(TM) i7-8665U CPU @ 1.90GHz
  NumSockets: 1
  Manufacturer: GenuineIntel
  NumCores: 4
  NumLogicals: 8
  CPUFrequency: 4800
  Memory: 15781
  MemModuleInfo:
    iNumMemSticks: 0
Checksum: 9F0BC9B08B5E37A73374A94F93B0F06658BD4760