BaselineInfo:
  WebDBID: -1
  TimeStamp: 20220916131755
Version:
  Major: 10
  Minor: 1
  Build: 1005
  SpecialBuildName: ""
  ptArchitecture: x86_64_linux
Results:
  Results Complete: true
  NumTestProcesses: 2
  CPU_INTEGER_MATH: 9771.2791500000003
  CPU_FLOATINGPOINT_MATH: 7513.4865168652932
  CPU_PRIME: 24033584.052416913
  CPU_SORTING: 5047128.5541059766
  CPU_ENCRYPTION: 1089498746.7754893
  CPU_COMPRESSION: 34711501.897904754
  CPU_SINGLETHREAD: 2211.8474022685523
  CPU_PHYSICS: 363.46471376097401
  CPU_MATRIX_MULT_SSE: 1899.9586699490815
  CPU_mm: 322.83698983280323
  CPU_sse: 1163.9354067875906
  CPU_fma: 2131.6246430900669
  CPU_avx: 2404.3159599695869
  CPU_avx512: 0
  m_CPU_enc_SHA: 525489879.82266909
  m_CPU_enc_AES: 2283753685.4548202
  m_CPU_enc_ECDSA: 459252675.0489794
  ME_ALLOC_S: 0
  ME_READ_S: 0
  ME_READ_L: 0
  ME_WRITE: 0
  ME_LARGE: 0
  ME_LATENCY: 0
  ME_THREADED: 0
  SUMM_CPU: 3156.3804256999115
  SUMM_ME: 0
SystemInformation:
  OSName: Ubuntu 20.04.3 LTS
  Kernel: 5.15.0-43-generic
  Device: ""
  Processor: Intel(R) Core(TM) i7-8665U CPU @ 1.90GHz
  NumSockets: 1
  Manufacturer: GenuineIntel
  NumCores: 4
  NumLogicals: 8
  CPUFrequency: 4800
  Memory: 15781
  MemModuleInfo:
    iNumMemSticks: 0
Checksum: 0E7746F4218C6AAFE2E11DB8E6C146CB7FE8DCC8