BaselineInfo:
  WebDBID: -1
  TimeStamp: 20220916135937
Version:
  Major: 10
  Minor: 1
  Build: 1005
  SpecialBuildName: ""
  ptArchitecture: x86_64_linux
Results:
  Results Complete: true
  NumTestProcesses: 7
  CPU_INTEGER_MATH: 20875.419999999998
  CPU_FLOATINGPOINT_MATH: 12917.656299059119
  CPU_PRIME: 21651160.055188216
  CPU_SORTING: 9449590.7026099917
  CPU_ENCRYPTION: 2270736583.1875186
  CPU_COMPRESSION: 67660837.362875581
  CPU_SINGLETHREAD: 2010.3518982820358
  CPU_PHYSICS: 467.68182231403568
  CPU_MATRIX_MULT_SSE: 3068.2275503078167
  CPU_mm: 481.78741034527786
  CPU_sse: 1801.5600772315413
  CPU_fma: 3502.6460371415083
  CPU_avx: 3900.4765365504004
  CPU_avx512: 0
  m_CPU_enc_SHA: 776859447.8426168
  m_CPU_enc_AES: 5343532568.0396471
  m_CPU_enc_ECDSA: 691817733.68029118
  ME_ALLOC_S: 0
  ME_READ_S: 0
  ME_READ_L: 0
  ME_WRITE: 0
  ME_LARGE: 0
  ME_LATENCY: 0
  ME_THREADED: 0
  SUMM_CPU: 5618.4950246307517
  SUMM_ME: 0
SystemInformation:
  OSName: Ubuntu 20.04.3 LTS
  Kernel: 5.15.0-43-generic
  Device: ""
  Processor: Intel(R) Core(TM) i7-8665U CPU @ 1.90GHz
  NumSockets: 1
  Manufacturer: GenuineIntel
  NumCores: 4
  NumLogicals: 8
  CPUFrequency: 4800
  Memory: 15781
  MemModuleInfo:
    iNumMemSticks: 0
Checksum: 48C033B39198435EB9A51896AB0F6DE4A751D074