BaselineInfo:
  WebDBID: -1
  TimeStamp: 20220916135059
Version:
  Major: 10
  Minor: 1
  Build: 1005
  SpecialBuildName: ""
  ptArchitecture: x86_64_linux
Results:
  Results Complete: true
  NumTestProcesses: 6
  CPU_INTEGER_MATH: 19421.506849999998
  CPU_FLOATINGPOINT_MATH: 12740.583966619613
  CPU_PRIME: 22949981.727748513
  CPU_SORTING: 8846845.630709039
  CPU_ENCRYPTION: 2072879060.9072099
  CPU_COMPRESSION: 64524265.812941417
  CPU_SINGLETHREAD: 2127.6655406515415
  CPU_PHYSICS: 462.15479705803375
  CPU_MATRIX_MULT_SSE: 3059.3663547662723
  CPU_mm: 499.11152161036898
  CPU_sse: 1819.89065960517
  CPU_fma: 3471.9392196069189
  CPU_avx: 3886.2691850867286
  CPU_avx512: 0
  m_CPU_enc_SHA: 804166413.72443879
  m_CPU_enc_AES: 4714850224.4843941
  m_CPU_enc_ECDSA: 699620544.51279712
  ME_ALLOC_S: 0
  ME_READ_S: 0
  ME_READ_L: 0
  ME_WRITE: 0
  ME_LARGE: 0
  ME_LATENCY: 0
  ME_THREADED: 0
  SUMM_CPU: 5401.866506205447
  SUMM_ME: 0
SystemInformation:
  OSName: Ubuntu 20.04.3 LTS
  Kernel: 5.15.0-43-generic
  Device: ""
  Processor: Intel(R) Core(TM) i7-8665U CPU @ 1.90GHz
  NumSockets: 1
  Manufacturer: GenuineIntel
  NumCores: 4
  NumLogicals: 8
  CPUFrequency: 4800
  Memory: 15781
  MemModuleInfo:
    iNumMemSticks: 0
Checksum: E91B296D2FAAF82B31D58D64B46A701C23A05E50