BaselineInfo:
  WebDBID: -1
  TimeStamp: 20220916131001
Version:
  Major: 10
  Minor: 1
  Build: 1005
  SpecialBuildName: ""
  ptArchitecture: x86_64_linux
Results:
  Results Complete: true
  NumTestProcesses: 1
  CPU_INTEGER_MATH: 5451.7137000000002
  CPU_FLOATINGPOINT_MATH: 4361.0150601475962
  CPU_PRIME: 16970009.863647319
  CPU_SORTING: 3087677.6584558245
  CPU_ENCRYPTION: 623957982.23737931
  CPU_COMPRESSION: 20608316.940570083
  CPU_SINGLETHREAD: 2247.2556126678692
  CPU_PHYSICS: 256.17157969443707
  CPU_MATRIX_MULT_SSE: 1112.5178533161002
  CPU_mm: 182.52165714367479
  CPU_sse: 666.41932411858033
  CPU_fma: 1269.2311940056684
  CPU_avx: 1401.9030418240516
  CPU_avx512: 0
  m_CPU_enc_SHA: 300975394.62169492
  m_CPU_enc_AES: 1306486698.2863617
  m_CPU_enc_ECDSA: 264411853.80408114
  ME_ALLOC_S: 0
  ME_READ_S: 0
  ME_READ_L: 0
  ME_WRITE: 0
  ME_LARGE: 0
  ME_LATENCY: 0
  ME_THREADED: 0
  SUMM_CPU: 1871.8514833470233
  SUMM_ME: 0
SystemInformation:
  OSName: Ubuntu 20.04.3 LTS
  Kernel: 5.15.0-43-generic
  Device: ""
  Processor: Intel(R) Core(TM) i7-8665U CPU @ 1.90GHz
  NumSockets: 1
  Manufacturer: GenuineIntel
  NumCores: 4
  NumLogicals: 8
  CPUFrequency: 4800
  Memory: 15781
  MemModuleInfo:
    iNumMemSticks: 0
Checksum: E49CDBA2D4397E1A761D2A69371700C3517711FD