BaselineInfo:
  WebDBID: -1
  TimeStamp: 20220916133343
Version:
  Major: 10
  Minor: 1
  Build: 1005
  SpecialBuildName: ""
  ptArchitecture: x86_64_linux
Results:
  Results Complete: true
  NumTestProcesses: 4
  CPU_INTEGER_MATH: 16226.9293
  CPU_FLOATINGPOINT_MATH: 12112.419585279515
  CPU_PRIME: 26169604.666555837
  CPU_SORTING: 7709681.9403295051
  CPU_ENCRYPTION: 1689386519.5778828
  CPU_COMPRESSION: 54505202.32693015
  CPU_SINGLETHREAD: 1979.1025546353035
  CPU_PHYSICS: 449.91445586137485
  CPU_MATRIX_MULT_SSE: 3056.1344041108377
  CPU_mm: 503.91205228716876
  CPU_sse: 1828.7357823024583
  CPU_fma: 3450.5055616103791
  CPU_avx: 3889.1618684196756
  CPU_avx512: 0
  m_CPU_enc_SHA: 824314798.6750015
  m_CPU_enc_AES: 3527976065.5544519
  m_CPU_enc_ECDSA: 715868694.50419509
  ME_ALLOC_S: 0
  ME_READ_S: 0
  ME_READ_L: 0
  ME_WRITE: 0
  ME_LARGE: 0
  ME_LATENCY: 0
  ME_THREADED: 0
  SUMM_CPU: 4818.5644249047191
  SUMM_ME: 0
SystemInformation:
  OSName: Ubuntu 20.04.3 LTS
  Kernel: 5.15.0-43-generic
  Device: ""
  Processor: Intel(R) Core(TM) i7-8665U CPU @ 1.90GHz
  NumSockets: 1
  Manufacturer: GenuineIntel
  NumCores: 4
  NumLogicals: 8
  CPUFrequency: 4800
  Memory: 15781
  MemModuleInfo:
    iNumMemSticks: 0
Checksum: F464BDE89F56EF44950056BC81C5D1C36CF9B635