BaselineInfo:
  WebDBID: -1
  TimeStamp: 20220916132548
Version:
  Major: 10
  Minor: 1
  Build: 1005
  SpecialBuildName: ""
  ptArchitecture: x86_64_linux
Results:
  Results Complete: true
  NumTestProcesses: 3
  CPU_INTEGER_MATH: 13273.872450000001
  CPU_FLOATINGPOINT_MATH: 9910.6099483162034
  CPU_PRIME: 27165545.920447901
  CPU_SORTING: 6610803.5410316549
  CPU_ENCRYPTION: 1405718927.8862386
  CPU_COMPRESSION: 45627372.008014619
  CPU_SINGLETHREAD: 2034.2344885118016
  CPU_PHYSICS: 405.61120953347768
  CPU_MATRIX_MULT_SSE: 2575.7199640079871
  CPU_mm: 426.06014093918583
  CPU_sse: 1548.2359014376543
  CPU_fma: 2892.6298698526534
  CPU_avx: 3286.2941207336535
  CPU_avx512: 0
  m_CPU_enc_SHA: 685240354.94189394
  m_CPU_enc_AES: 2932024626.9663305
  m_CPU_enc_ECDSA: 599891801.75049162
  ME_ALLOC_S: 0
  ME_READ_S: 0
  ME_READ_L: 0
  ME_WRITE: 0
  ME_LARGE: 0
  ME_LATENCY: 0
  ME_THREADED: 0
  SUMM_CPU: 4090.4860347774106
  SUMM_ME: 0
SystemInformation:
  OSName: Ubuntu 20.04.3 LTS
  Kernel: 5.15.0-43-generic
  Device: ""
  Processor: Intel(R) Core(TM) i7-8665U CPU @ 1.90GHz
  NumSockets: 1
  Manufacturer: GenuineIntel
  NumCores: 4
  NumLogicals: 8
  CPUFrequency: 4800
  Memory: 15781
  MemModuleInfo:
    iNumMemSticks: 0
Checksum: C6FC7DFB86B8A69B49EA40E3482F6360A98B76DC