BaselineInfo:
  WebDBID: -1
  TimeStamp: 20220228111631
Version:
  Major: 10
  Minor: 1
  Build: 1005
  SpecialBuildName: ""
  ptArchitecture: x86_64_linux
Results:
  Results Complete: true
  NumTestProcesses: 16
  CPU_INTEGER_MATH: 45155.3681
  CPU_FLOATINGPOINT_MATH: 20479.258597378153
  CPU_PRIME: 19475003.626803342
  CPU_SORTING: 15566695.971135445
  CPU_ENCRYPTION: 11163413454.617817
  CPU_COMPRESSION: 173773877.76321676
  CPU_SINGLETHREAD: 2281.1843135687677
  CPU_PHYSICS: 456.63207696260861
  CPU_MATRIX_MULT_SSE: 9900.6137307145418
  CPU_mm: 1182.5405996844684
  CPU_sse: 4629.9676104441223
  CPU_fma: 13970.175854756028
  CPU_avx: 11101.697726943477
  CPU_avx512: 0
  m_CPU_enc_SHA: 17591115647.970192
  m_CPU_enc_AES: 6552415068.9818649
  m_CPU_enc_ECDSA: 9346709646.9014015
  ME_ALLOC_S: 0
  ME_READ_S: 0
  ME_READ_L: 0
  ME_WRITE: 0
  ME_LARGE: 0
  ME_LATENCY: 0
  ME_THREADED: 0
  SUMM_CPU: 11540.822741570375
  SUMM_ME: 0
SystemInformation:
  OSName: Ubuntu 20.04.3 LTS
  Kernel: 5.13.0-28-generic
  Device: ""
  Processor: AMD Ryzen 7 4800H with Radeon Graphics
  NumSockets: 1
  Manufacturer: AuthenticAMD
  NumCores: 8
  NumLogicals: 16
  CPUFrequency: 2900
  Memory: 15365
  MemModuleInfo:
    iNumMemSticks: 0
Checksum: 1D5E04BC8DA7C9FA20CD7394C9B2B33DB984B1C0