BaselineInfo:
  WebDBID: -1
  TimeStamp: 20220228095752
Version:
  Major: 10
  Minor: 1
  Build: 1005
  SpecialBuildName: ""
  ptArchitecture: x86_64_linux
Results:
  Results Complete: true
  NumTestProcesses: 16
  CPU_INTEGER_MATH: 7258.2163999999993
  CPU_FLOATINGPOINT_MATH: 3520.5645313389014
  CPU_PRIME: 4189341.3859409704
  CPU_SORTING: 3130549.2676631995
  CPU_ENCRYPTION: 2114490096.6460233
  CPU_COMPRESSION: 36262581.121270843
  CPU_SINGLETHREAD: 2318.2054712590257
  CPU_PHYSICS: 96.280329550472118
  CPU_MATRIX_MULT_SSE: 2133.919904515727
  CPU_mm: 235.95909255846865
  CPU_sse: 991.06454207102036
  CPU_fma: 2994.0625376859916
  CPU_avx: 2416.6326337901692
  CPU_avx512: 0
  m_CPU_enc_SHA: 3194749583.3284316
  m_CPU_enc_AES: 1356697022.4446921
  m_CPU_enc_ECDSA: 1792023684.1649458
  ME_ALLOC_S: 0
  ME_READ_S: 0
  ME_READ_L: 0
  ME_WRITE: 0
  ME_LARGE: 0
  ME_LATENCY: 0
  ME_THREADED: 0
  SUMM_CPU: 2374.6665144243025
  SUMM_ME: 0
SystemInformation:
  OSName: Ubuntu 20.04.3 LTS
  Kernel: 5.13.0-28-generic
  Device: ""
  Processor: AMD Ryzen 7 4800H with Radeon Graphics
  NumSockets: 1
  Manufacturer: AuthenticAMD
  NumCores: 8
  NumLogicals: 16
  CPUFrequency: 2900
  Memory: 15365
  MemModuleInfo:
    iNumMemSticks: 0
Checksum: 77CD0063EE3DE9C554B9557B008AF752AA29B586