BaselineInfo:
  WebDBID: -1
  TimeStamp: 20220228115942
Version:
  Major: 10
  Minor: 1
  Build: 1005
  SpecialBuildName: ""
  ptArchitecture: x86_64_linux
Results:
  Results Complete: true
  NumTestProcesses: 16
  CPU_INTEGER_MATH: 64306.187450000005
  CPU_FLOATINGPOINT_MATH: 28568.077113824071
  CPU_PRIME: 27023767.960037373
  CPU_SORTING: 21668667.346854907
  CPU_ENCRYPTION: 15187254126.027245
  CPU_COMPRESSION: 232350187.4923684
  CPU_SINGLETHREAD: 2278.9520703920753
  CPU_PHYSICS: 625.6235131513381
  CPU_MATRIX_MULT_SSE: 13212.3943021497
  CPU_mm: 1575.7611044476675
  CPU_sse: 6125.0195275612232
  CPU_fma: 18803.245967298022
  CPU_avx: 14708.917411589848
  CPU_avx512: 0
  m_CPU_enc_SHA: 23984291201.938354
  m_CPU_enc_AES: 8931067323.6892033
  m_CPU_enc_ECDSA: 12646403852.454178
  ME_ALLOC_S: 0
  ME_READ_S: 0
  ME_READ_L: 0
  ME_WRITE: 0
  ME_LARGE: 0
  ME_LATENCY: 0
  ME_THREADED: 0
  SUMM_CPU: 15474.900175180343
  SUMM_ME: 0
SystemInformation:
  OSName: Ubuntu 20.04.3 LTS
  Kernel: 5.13.0-28-generic
  Device: ""
  Processor: AMD Ryzen 7 4800H with Radeon Graphics
  NumSockets: 1
  Manufacturer: AuthenticAMD
  NumCores: 8
  NumLogicals: 16
  CPUFrequency: 2900
  Memory: 15365
  MemModuleInfo:
    iNumMemSticks: 0
Checksum: 341B039C16CF395DAB0CA076345FFEF0F8D55552