BaselineInfo:
  WebDBID: -1
  TimeStamp: 20220228114226
Version:
  Major: 10
  Minor: 1
  Build: 1005
  SpecialBuildName: ""
  ptArchitecture: x86_64_linux
Results:
  Results Complete: true
  NumTestProcesses: 16
  CPU_INTEGER_MATH: 57260.711900000002
  CPU_FLOATINGPOINT_MATH: 26121.762478911976
  CPU_PRIME: 24003162.936456621
  CPU_SORTING: 19406220.222993314
  CPU_ENCRYPTION: 13684428152.189404
  CPU_COMPRESSION: 211365302.83301026
  CPU_SINGLETHREAD: 2275.5132193046611
  CPU_PHYSICS: 560.19488687725357
  CPU_MATRIX_MULT_SSE: 12110.726362538633
  CPU_mm: 1448.9041742401816
  CPU_sse: 5631.2655187379669
  CPU_fma: 17219.463913325726
  CPU_avx: 13481.449655552207
  CPU_avx512: 0
  m_CPU_enc_SHA: 21543175110.880558
  m_CPU_enc_AES: 8064265990.4580908
  m_CPU_enc_ECDSA: 11445843355.229557
  ME_ALLOC_S: 0
  ME_READ_S: 0
  ME_READ_L: 0
  ME_WRITE: 0
  ME_LARGE: 0
  ME_LATENCY: 0
  ME_THREADED: 0
  SUMM_CPU: 14078.103351706251
  SUMM_ME: 0
SystemInformation:
  OSName: Ubuntu 20.04.3 LTS
  Kernel: 5.13.0-28-generic
  Device: ""
  Processor: AMD Ryzen 7 4800H with Radeon Graphics
  NumSockets: 1
  Manufacturer: AuthenticAMD
  NumCores: 8
  NumLogicals: 16
  CPUFrequency: 2900
  Memory: 15365
  MemModuleInfo:
    iNumMemSticks: 0
Checksum: FC821B9A6573763DCA2096E143D106EAA6CF1B52