BaselineInfo:
  WebDBID: -1
  TimeStamp: 20220228094847
Version:
  Major: 10
  Minor: 1
  Build: 1005
  SpecialBuildName: ""
  ptArchitecture: x86_64_linux
Results:
  Results Complete: true
  NumTestProcesses: 16
  CPU_INTEGER_MATH: 3568.9569999999999
  CPU_FLOATINGPOINT_MATH: 1618.5298516158996
  CPU_PRIME: 2237135.0952497413
  CPU_SORTING: 1594196.2946804364
  CPU_ENCRYPTION: 1120702304.7100458
  CPU_COMPRESSION: 16394423.523108736
  CPU_SINGLETHREAD: 2306.6573120261464
  CPU_PHYSICS: 51.035465270465878
  CPU_MATRIX_MULT_SSE: 1079.2913074823853
  CPU_mm: 121.40358546294074
  CPU_sse: 497.34104221114728
  CPU_fma: 1499.2430706889193
  CPU_avx: 1241.2898095470896
  CPU_avx512: 0
  m_CPU_enc_SHA: 1542246505.9050317
  m_CPU_enc_AES: 912157438.20826149
  m_CPU_enc_ECDSA: 907702970.01684356
  ME_ALLOC_S: 0
  ME_READ_S: 0
  ME_READ_L: 0
  ME_WRITE: 0
  ME_LARGE: 0
  ME_LATENCY: 0
  ME_THREADED: 0
  SUMM_CPU: 1185.2759011664075
  SUMM_ME: 0
SystemInformation:
  OSName: Ubuntu 20.04.3 LTS
  Kernel: 5.13.0-28-generic
  Device: ""
  Processor: AMD Ryzen 7 4800H with Radeon Graphics
  NumSockets: 1
  Manufacturer: AuthenticAMD
  NumCores: 8
  NumLogicals: 16
  CPUFrequency: 2900
  Memory: 15365
  MemModuleInfo:
    iNumMemSticks: 0
Checksum: AC520569C6D9F6DABD21CAE311E1A1623DA7898B