BaselineInfo:
  WebDBID: -1
  TimeStamp: 20220228115104
Version:
  Major: 10
  Minor: 1
  Build: 1005
  SpecialBuildName: ""
  ptArchitecture: x86_64_linux
Results:
  Results Complete: true
  NumTestProcesses: 16
  CPU_INTEGER_MATH: 60969.421749999994
  CPU_FLOATINGPOINT_MATH: 27476.364969171598
  CPU_PRIME: 26301873.799319994
  CPU_SORTING: 20961853.706640657
  CPU_ENCRYPTION: 14445706380.111834
  CPU_COMPRESSION: 220790975.73835737
  CPU_SINGLETHREAD: 2275.0225102226032
  CPU_PHYSICS: 613.20247911202023
  CPU_MATRIX_MULT_SSE: 12687.163327703769
  CPU_mm: 1519.4882402484877
  CPU_sse: 5878.2134165545822
  CPU_fma: 18085.554289841664
  CPU_avx: 14097.722276715067
  CPU_avx512: 0
  m_CPU_enc_SHA: 22770282694.131256
  m_CPU_enc_AES: 8583014983.148634
  m_CPU_enc_ECDSA: 11983821463.055603
  ME_ALLOC_S: 0
  ME_READ_S: 0
  ME_READ_L: 0
  ME_WRITE: 0
  ME_LARGE: 0
  ME_LATENCY: 0
  ME_THREADED: 0
  SUMM_CPU: 14930.696856699769
  SUMM_ME: 0
SystemInformation:
  OSName: Ubuntu 20.04.3 LTS
  Kernel: 5.13.0-28-generic
  Device: ""
  Processor: AMD Ryzen 7 4800H with Radeon Graphics
  NumSockets: 1
  Manufacturer: AuthenticAMD
  NumCores: 8
  NumLogicals: 16
  CPUFrequency: 2900
  Memory: 15365
  MemModuleInfo:
    iNumMemSticks: 0
Checksum: 06437654A040822E5EF6A02CC828BAD8DB7E6652