BaselineInfo:
  WebDBID: -1
  TimeStamp: 20220228110752
Version:
  Major: 10
  Minor: 1
  Build: 1005
  SpecialBuildName: ""
  ptArchitecture: x86_64_linux
Results:
  Results Complete: true
  NumTestProcesses: 16
  CPU_INTEGER_MATH: 36106.506850000005
  CPU_FLOATINGPOINT_MATH: 17262.45487145544
  CPU_PRIME: 17381300.578691885
  CPU_SORTING: 13823542.953635067
  CPU_ENCRYPTION: 9774479288.6991615
  CPU_COMPRESSION: 160366914.05949172
  CPU_SINGLETHREAD: 2281.706498940197
  CPU_PHYSICS: 416.63986616219671
  CPU_MATRIX_MULT_SSE: 9255.7051367970234
  CPU_mm: 1080.3377085165757
  CPU_sse: 4284.5107696460873
  CPU_fma: 13029.956052180209
  CPU_avx: 10452.648588564771
  CPU_avx512: 0
  m_CPU_enc_SHA: 15159239399.163939
  m_CPU_enc_AES: 6050462191.9763556
  m_CPU_enc_ECDSA: 8113736274.9571905
  ME_ALLOC_S: 0
  ME_READ_S: 0
  ME_READ_L: 0
  ME_WRITE: 0
  ME_LARGE: 0
  ME_LATENCY: 0
  ME_THREADED: 0
  SUMM_CPU: 10245.462089941731
  SUMM_ME: 0
SystemInformation:
  OSName: Ubuntu 20.04.3 LTS
  Kernel: 5.13.0-28-generic
  Device: ""
  Processor: AMD Ryzen 7 4800H with Radeon Graphics
  NumSockets: 1
  Manufacturer: AuthenticAMD
  NumCores: 8
  NumLogicals: 16
  CPUFrequency: 2900
  Memory: 15365
  MemModuleInfo:
    iNumMemSticks: 0
Checksum: 96AB1C124362BC5E5B2E6D3A25E911429E938227