BaselineInfo:
  WebDBID: -1
  TimeStamp: 20220228102424
Version:
  Major: 10
  Minor: 1
  Build: 1005
  SpecialBuildName: ""
  ptArchitecture: x86_64_linux
Results:
  Results Complete: true
  NumTestProcesses: 16
  CPU_INTEGER_MATH: 18746.54535
  CPU_FLOATINGPOINT_MATH: 9005.6258249541315
  CPU_PRIME: 8596897.5210253447
  CPU_SORTING: 6808793.9821873941
  CPU_ENCRYPTION: 5267983456.5959625
  CPU_COMPRESSION: 84275816.689176798
  CPU_SINGLETHREAD: 2302.4245988820317
  CPU_PHYSICS: 205.71611484836171
  CPU_MATRIX_MULT_SSE: 4942.5445071897193
  CPU_mm: 538.46876492682748
  CPU_sse: 2235.2288007911247
  CPU_fma: 7020.7678659864459
  CPU_avx: 5571.636854791589
  CPU_avx512: 0
  m_CPU_enc_SHA: 8224192933.5674086
  m_CPU_enc_AES: 3182659528.1648369
  m_CPU_enc_ECDSA: 4397097908.0556469
  ME_ALLOC_S: 0
  ME_READ_S: 0
  ME_READ_L: 0
  ME_WRITE: 0
  ME_LARGE: 0
  ME_LATENCY: 0
  ME_THREADED: 0
  SUMM_CPU: 5425.8055349406286
  SUMM_ME: 0
SystemInformation:
  OSName: Ubuntu 20.04.3 LTS
  Kernel: 5.13.0-28-generic
  Device: ""
  Processor: AMD Ryzen 7 4800H with Radeon Graphics
  NumSockets: 1
  Manufacturer: AuthenticAMD
  NumCores: 8
  NumLogicals: 16
  CPUFrequency: 2900
  Memory: 15365
  MemModuleInfo:
    iNumMemSticks: 0
Checksum: F5751F001E926AC1B97C20301C5AE8BC47038145