BaselineInfo:
  WebDBID: -1
  TimeStamp: 20220228103307
Version:
  Major: 10
  Minor: 1
  Build: 1005
  SpecialBuildName: ""
  ptArchitecture: x86_64_linux
Results:
  Results Complete: true
  NumTestProcesses: 16
  CPU_INTEGER_MATH: 23175.273300000001
  CPU_FLOATINGPOINT_MATH: 10431.312453351042
  CPU_PRIME: 10809586.232779622
  CPU_SORTING: 8140163.774181026
  CPU_ENCRYPTION: 6105590361.9201221
  CPU_COMPRESSION: 106894562.15799412
  CPU_SINGLETHREAD: 2294.5868533999846
  CPU_PHYSICS: 261.34284070328982
  CPU_MATRIX_MULT_SSE: 5877.53804660477
  CPU_mm: 638.7616914296201
  CPU_sse: 2563.9539080230711
  CPU_fma: 8278.4650302313948
  CPU_avx: 6790.1952015598408
  CPU_avx512: 0
  m_CPU_enc_SHA: 9533970118.6964417
  m_CPU_enc_AES: 3685469754.5324044
  m_CPU_enc_ECDSA: 5097331212.5315266
  ME_ALLOC_S: 0
  ME_READ_S: 0
  ME_READ_L: 0
  ME_WRITE: 0
  ME_LARGE: 0
  ME_LATENCY: 0
  ME_THREADED: 0
  SUMM_CPU: 6553.1652049321592
  SUMM_ME: 0
SystemInformation:
  OSName: Ubuntu 20.04.3 LTS
  Kernel: 5.13.0-28-generic
  Device: ""
  Processor: AMD Ryzen 7 4800H with Radeon Graphics
  NumSockets: 1
  Manufacturer: AuthenticAMD
  NumCores: 8
  NumLogicals: 16
  CPUFrequency: 2900
  Memory: 15365
  MemModuleInfo:
    iNumMemSticks: 0
Checksum: 833EE4D5148AA55E7FC36EFE7A05B7BE3288A046