BaselineInfo:
  WebDBID: -1
  TimeStamp: 20220228104149
Version:
  Major: 10
  Minor: 1
  Build: 1005
  SpecialBuildName: ""
  ptArchitecture: x86_64_linux
Results:
  Results Complete: true
  NumTestProcesses: 16
  CPU_INTEGER_MATH: 25858.3917
  CPU_FLOATINGPOINT_MATH: 13185.217378550773
  CPU_PRIME: 12669852.788896643
  CPU_SORTING: 9605053.334473744
  CPU_ENCRYPTION: 7390963704.5176764
  CPU_COMPRESSION: 105739502.0865742
  CPU_SINGLETHREAD: 2290.5644762348547
  CPU_PHYSICS: 305.649043431466
  CPU_MATRIX_MULT_SSE: 6969.8532894389791
  CPU_mm: 759.51258098064727
  CPU_sse: 3021.0262235579858
  CPU_fma: 10010.902271988049
  CPU_avx: 7877.6313727709039
  CPU_avx512: 0
  m_CPU_enc_SHA: 11752764180.502544
  m_CPU_enc_AES: 4173916949.6179175
  m_CPU_enc_ECDSA: 6246209983.4325695
  ME_ALLOC_S: 0
  ME_READ_S: 0
  ME_READ_L: 0
  ME_WRITE: 0
  ME_LARGE: 0
  ME_LATENCY: 0
  ME_THREADED: 0
  SUMM_CPU: 7532.6756338160612
  SUMM_ME: 0
SystemInformation:
  OSName: Ubuntu 20.04.3 LTS
  Kernel: 5.13.0-28-generic
  Device: ""
  Processor: AMD Ryzen 7 4800H with Radeon Graphics
  NumSockets: 1
  Manufacturer: AuthenticAMD
  NumCores: 8
  NumLogicals: 16
  CPUFrequency: 2900
  Memory: 15365
  MemModuleInfo:
    iNumMemSticks: 0
Checksum: 8A554CF7D41A115A8FC808B0C9BFEE94F4B029ED