BaselineInfo:
  WebDBID: -1
  TimeStamp: 20220228105911
Version:
  Major: 10
  Minor: 1
  Build: 1005
  SpecialBuildName: ""
  ptArchitecture: x86_64_linux
Results:
  Results Complete: true
  NumTestProcesses: 16
  CPU_INTEGER_MATH: 32844.759749999997
  CPU_FLOATINGPOINT_MATH: 16903.679963617546
  CPU_PRIME: 15206178.291598931
  CPU_SORTING: 11795486.174170675
  CPU_ENCRYPTION: 9309196989.4623051
  CPU_COMPRESSION: 147334288.30882418
  CPU_SINGLETHREAD: 2285.6217968479505
  CPU_PHYSICS: 373.49355791794829
  CPU_MATRIX_MULT_SSE: 8584.6840312771419
  CPU_mm: 1002.5931737450867
  CPU_sse: 4050.1706184348504
  CPU_fma: 12179.362157576144
  CPU_avx: 9524.5193178204227
  CPU_avx512: 0
  m_CPU_enc_SHA: 14756397537.256073
  m_CPU_enc_AES: 5260470303.8867073
  m_CPU_enc_ECDSA: 7910723127.2441397
  ME_ALLOC_S: 0
  ME_READ_S: 0
  ME_READ_L: 0
  ME_WRITE: 0
  ME_LARGE: 0
  ME_LATENCY: 0
  ME_THREADED: 0
  SUMM_CPU: 9394.5010066170307
  SUMM_ME: 0
SystemInformation:
  OSName: Ubuntu 20.04.3 LTS
  Kernel: 5.13.0-28-generic
  Device: ""
  Processor: AMD Ryzen 7 4800H with Radeon Graphics
  NumSockets: 1
  Manufacturer: AuthenticAMD
  NumCores: 8
  NumLogicals: 16
  CPUFrequency: 2900
  Memory: 15365
  MemModuleInfo:
    iNumMemSticks: 0
Checksum: AB014A6B68522E6BEDE47BADAB1D422313D3525F