BaselineInfo:
  WebDBID: -1
  TimeStamp: 20220228112509
Version:
  Major: 10
  Minor: 1
  Build: 1005
  SpecialBuildName: ""
  ptArchitecture: x86_64_linux
Results:
  Results Complete: true
  NumTestProcesses: 16
  CPU_INTEGER_MATH: 49685.7929
  CPU_FLOATINGPOINT_MATH: 22924.474712994004
  CPU_PRIME: 21497501.092897981
  CPU_SORTING: 16724622.034434929
  CPU_ENCRYPTION: 12034263551.169899
  CPU_COMPRESSION: 188857137.16794342
  CPU_SINGLETHREAD: 2276.6058493434398
  CPU_PHYSICS: 495.04217402993538
  CPU_MATRIX_MULT_SSE: 10766.948334864665
  CPU_mm: 1295.6641793334436
  CPU_sse: 5035.9014026200957
  CPU_fma: 15320.137452104715
  CPU_avx: 11944.806149869186
  CPU_avx512: 0
  m_CPU_enc_SHA: 19001250761.379555
  m_CPU_enc_AES: 6952865617.8535023
  m_CPU_enc_ECDSA: 10148674274.276644
  ME_ALLOC_S: 0
  ME_READ_S: 0
  ME_READ_L: 0
  ME_WRITE: 0
  ME_LARGE: 0
  ME_LATENCY: 0
  ME_THREADED: 0
  SUMM_CPU: 12531.033091322402
  SUMM_ME: 0
SystemInformation:
  OSName: Ubuntu 20.04.3 LTS
  Kernel: 5.13.0-28-generic
  Device: ""
  Processor: AMD Ryzen 7 4800H with Radeon Graphics
  NumSockets: 1
  Manufacturer: AuthenticAMD
  NumCores: 8
  NumLogicals: 16
  CPUFrequency: 2900
  Memory: 15365
  MemModuleInfo:
    iNumMemSticks: 0
Checksum: AEEBE94798969E19BC80E19678AC4E7DC59FAE51