BaselineInfo:
  WebDBID: -1
  TimeStamp: 20220228101538
Version:
  Major: 10
  Minor: 1
  Build: 1005
  SpecialBuildName: ""
  ptArchitecture: x86_64_linux
Results:
  Results Complete: true
  NumTestProcesses: 16
  CPU_INTEGER_MATH: 15213.471750000001
  CPU_FLOATINGPOINT_MATH: 6937.9150196418295
  CPU_PRIME: 6633416.9808879811
  CPU_SORTING: 5082410.4103226475
  CPU_ENCRYPTION: 4050865571.3836732
  CPU_COMPRESSION: 68488759.957489729
  CPU_SINGLETHREAD: 2302.1929790373015
  CPU_PHYSICS: 154.41109743322187
  CPU_MATRIX_MULT_SSE: 3895.3689728324271
  CPU_mm: 446.80343992864613
  CPU_sse: 1791.6747596252453
  CPU_fma: 5510.9585916576898
  CPU_avx: 4383.4735672143479
  CPU_avx512: 0
  m_CPU_enc_SHA: 6494027156.7777205
  m_CPU_enc_AES: 2183928421.2111993
  m_CPU_enc_ECDSA: 3474641136.1621008
  ME_ALLOC_S: 0
  ME_READ_S: 0
  ME_READ_L: 0
  ME_WRITE: 0
  ME_LARGE: 0
  ME_LATENCY: 0
  ME_THREADED: 0
  SUMM_CPU: 4247.5631946056137
  SUMM_ME: 0
SystemInformation:
  OSName: Ubuntu 20.04.3 LTS
  Kernel: 5.13.0-28-generic
  Device: ""
  Processor: AMD Ryzen 7 4800H with Radeon Graphics
  NumSockets: 1
  Manufacturer: AuthenticAMD
  NumCores: 8
  NumLogicals: 16
  CPUFrequency: 2900
  Memory: 15365
  MemModuleInfo:
    iNumMemSticks: 0
Checksum: E8E1E518B2D3A32AEA5E936A10E59D4540D4979E