BaselineInfo:
  WebDBID: -1
  TimeStamp: 20220228105031
Version:
  Major: 10
  Minor: 1
  Build: 1005
  SpecialBuildName: ""
  ptArchitecture: x86_64_linux
Results:
  Results Complete: true
  NumTestProcesses: 16
  CPU_INTEGER_MATH: 32539.058599999997
  CPU_FLOATINGPOINT_MATH: 14904.771121287245
  CPU_PRIME: 14122111.710911866
  CPU_SORTING: 10670054.146546165
  CPU_ENCRYPTION: 8154585877.0808544
  CPU_COMPRESSION: 136191318.32006174
  CPU_SINGLETHREAD: 2286.8393413586246
  CPU_PHYSICS: 339.27771821842578
  CPU_MATRIX_MULT_SSE: 7900.0564302422954
  CPU_mm: 909.70780087157084
  CPU_sse: 3712.7821728775825
  CPU_fma: 11180.538654886155
  CPU_avx: 8806.8484629631457
  CPU_avx512: 0
  m_CPU_enc_SHA: 12960400507.059015
  m_CPU_enc_AES: 4508286193.2453833
  m_CPU_enc_ECDSA: 6995070930.9381628
  ME_ALLOC_S: 0
  ME_READ_S: 0
  ME_READ_L: 0
  ME_WRITE: 0
  ME_LARGE: 0
  ME_LATENCY: 0
  ME_THREADED: 0
  SUMM_CPU: 8661.0114608720323
  SUMM_ME: 0
SystemInformation:
  OSName: Ubuntu 20.04.3 LTS
  Kernel: 5.13.0-28-generic
  Device: ""
  Processor: AMD Ryzen 7 4800H with Radeon Graphics
  NumSockets: 1
  Manufacturer: AuthenticAMD
  NumCores: 8
  NumLogicals: 16
  CPUFrequency: 2900
  Memory: 15365
  MemModuleInfo:
    iNumMemSticks: 0
Checksum: 1D6B4CB78F3B2B3803D361BF69DCA7033394C2DC