BaselineInfo:
  WebDBID: -1
  TimeStamp: 20220228100646
Version:
  Major: 10
  Minor: 1
  Build: 1005
  SpecialBuildName: ""
  ptArchitecture: x86_64_linux
Results:
  Results Complete: true
  NumTestProcesses: 16
  CPU_INTEGER_MATH: 10448.79665
  CPU_FLOATINGPOINT_MATH: 5236.5742319995024
  CPU_PRIME: 5988982.4861899652
  CPU_SORTING: 4298638.0174506269
  CPU_ENCRYPTION: 3025923751.7170072
  CPU_COMPRESSION: 54593448.36413309
  CPU_SINGLETHREAD: 2306.9113910031961
  CPU_PHYSICS: 141.11565126187145
  CPU_MATRIX_MULT_SSE: 3012.7775133843625
  CPU_mm: 347.4817806491921
  CPU_sse: 1384.4117871539679
  CPU_fma: 4230.4347978992146
  CPU_avx: 3423.4859550999049
  CPU_avx512: 0
  m_CPU_enc_SHA: 4728896235.5514498
  m_CPU_enc_AES: 1765073988.8507066
  m_CPU_enc_ECDSA: 2583801030.7488666
  ME_ALLOC_S: 0
  ME_READ_S: 0
  ME_READ_L: 0
  ME_WRITE: 0
  ME_LARGE: 0
  ME_LATENCY: 0
  ME_THREADED: 0
  SUMM_CPU: 3407.4128006213532
  SUMM_ME: 0
SystemInformation:
  OSName: Ubuntu 20.04.3 LTS
  Kernel: 5.13.0-28-generic
  Device: ""
  Processor: AMD Ryzen 7 4800H with Radeon Graphics
  NumSockets: 1
  Manufacturer: AuthenticAMD
  NumCores: 8
  NumLogicals: 16
  CPUFrequency: 2900
  Memory: 15365
  MemModuleInfo:
    iNumMemSticks: 0
Checksum: A074702A4B157DA5295D34E850AA4CFD7BF301E3