BaselineInfo:
  WebDBID: -1
  TimeStamp: 20220228113348
Version:
  Major: 10
  Minor: 1
  Build: 1005
  SpecialBuildName: ""
  ptArchitecture: x86_64_linux
Results:
  Results Complete: true
  NumTestProcesses: 16
  CPU_INTEGER_MATH: 53406.395249999987
  CPU_FLOATINGPOINT_MATH: 24411.727188977362
  CPU_PRIME: 22424968.621822402
  CPU_SORTING: 17866414.154488951
  CPU_ENCRYPTION: 12996120961.987652
  CPU_COMPRESSION: 199332220.79866689
  CPU_SINGLETHREAD: 2280.7301681722356
  CPU_PHYSICS: 520.01423959011174
  CPU_MATRIX_MULT_SSE: 11319.044945736678
  CPU_mm: 1352.8513211786692
  CPU_sse: 5259.6458121715168
  CPU_fma: 16065.582585688633
  CPU_avx: 12631.906439349883
  CPU_avx512: 0
  m_CPU_enc_SHA: 20280080472.784111
  m_CPU_enc_AES: 7906271967.8919744
  m_CPU_enc_ECDSA: 10802010445.286871
  ME_ALLOC_S: 0
  ME_READ_S: 0
  ME_READ_L: 0
  ME_WRITE: 0
  ME_LARGE: 0
  ME_LATENCY: 0
  ME_THREADED: 0
  SUMM_CPU: 13228.993237269029
  SUMM_ME: 0
SystemInformation:
  OSName: Ubuntu 20.04.3 LTS
  Kernel: 5.13.0-28-generic
  Device: ""
  Processor: AMD Ryzen 7 4800H with Radeon Graphics
  NumSockets: 1
  Manufacturer: AuthenticAMD
  NumCores: 8
  NumLogicals: 16
  CPUFrequency: 2900
  Memory: 15365
  MemModuleInfo:
    iNumMemSticks: 0
Checksum: 2907C026282E5665DDBBD92FDC1DBCCDA6D9DD1A