BaselineInfo:
  WebDBID: -1
  TimeStamp: 20220905102535
Version:
  Major: 10
  Minor: 1
  Build: 1005
  SpecialBuildName: ""
  ptArchitecture: x86_64_linux
Results:
  Results Complete: true
  NumTestProcesses: 12
  CPU_INTEGER_MATH: 37650.242100000003
  CPU_FLOATINGPOINT_MATH: 31509.703923694633
  CPU_PRIME: 95821644.5066818
  CPU_SORTING: 19585956.014440142
  CPU_ENCRYPTION: 5075856744.9543924
  CPU_COMPRESSION: 176020365.35621619
  CPU_SINGLETHREAD: 1480.1771606233885
  CPU_PHYSICS: 1419.9398797383283
  CPU_MATRIX_MULT_SSE: 10303.304701131572
  CPU_mm: 1739.495522014892
  CPU_sse: 6375.3336497696882
  CPU_fma: 10180.486852480228
  CPU_avx: 12229.963428739593
  CPU_avx512: 12427.434873536784
  m_CPU_enc_SHA: 2652551582.9988327
  m_CPU_enc_AES: 10253615094.873848
  m_CPU_enc_ECDSA: 2321403556.9904995
  ME_ALLOC_S: 0
  ME_READ_S: 0
  ME_READ_L: 0
  ME_WRITE: 0
  ME_LARGE: 0
  ME_LATENCY: 0
  ME_THREADED: 0
  SUMM_CPU: 12717.108399995759
  SUMM_ME: 0
SystemInformation:
  OSName: Ubuntu 20.04.3 LTS
  Kernel: 5.14.0
  Device: ""
  Processor: Intel(R) Xeon(R) Gold 5120 CPU @ 2.20GHz
  NumSockets: 1
  Manufacturer: GenuineIntel
  NumCores: 14
  NumLogicals: 28
  CPUFrequency: 2200
  Memory: 191916
  MemModuleInfo:
    iNumMemSticks: 0
Checksum: 6E0DDF0D973E2526575E85E0B0FA68C6E46F8368