BaselineInfo:
  WebDBID: -1
  TimeStamp: 20220905115022
Version:
  Major: 10
  Minor: 1
  Build: 1005
  SpecialBuildName: ""
  ptArchitecture: x86_64_linux
Results:
  Results Complete: true
  NumTestProcesses: 22
  CPU_INTEGER_MATH: 56760.438800000004
  CPU_FLOATINGPOINT_MATH: 39368.268228130531
  CPU_PRIME: 101948740.95541942
  CPU_SORTING: 28744281.441160679
  CPU_ENCRYPTION: 8122078316.477499
  CPU_COMPRESSION: 257765076.40205607
  CPU_SINGLETHREAD: 1479.3953544472529
  CPU_PHYSICS: 1783.7900244491907
  CPU_MATRIX_MULT_SSE: 12677.06456552885
  CPU_mm: 2053.8622608145806
  CPU_sse: 7582.5040437229345
  CPU_fma: 12201.189224344151
  CPU_avx: 14659.183277504842
  CPU_avx512: 16265.381716543467
  m_CPU_enc_SHA: 3073311075.2945828
  m_CPU_enc_AES: 18559045340.502911
  m_CPU_enc_ECDSA: 2733878533.6349921
  ME_ALLOC_S: 0
  ME_READ_S: 0
  ME_READ_L: 0
  ME_WRITE: 0
  ME_LARGE: 0
  ME_LATENCY: 0
  ME_THREADED: 0
  SUMM_CPU: 17114.483682670223
  SUMM_ME: 0
SystemInformation:
  OSName: Ubuntu 20.04.3 LTS
  Kernel: 5.14.0
  Device: ""
  Processor: Intel(R) Xeon(R) Gold 5120 CPU @ 2.20GHz
  NumSockets: 1
  Manufacturer: GenuineIntel
  NumCores: 14
  NumLogicals: 28
  CPUFrequency: 2200
  Memory: 191916
  MemModuleInfo:
    iNumMemSticks: 0
Checksum: 2BBCE3C617DFF66D028A996622E5AAD8D55F8FEC