BaselineInfo:
  WebDBID: -1
  TimeStamp: 20220905122456
Version:
  Major: 10
  Minor: 1
  Build: 1005
  SpecialBuildName: ""
  ptArchitecture: x86_64_linux
Results:
  Results Complete: true
  NumTestProcesses: 26
  CPU_INTEGER_MATH: 63175.043849999987
  CPU_FLOATINGPOINT_MATH: 40632.077824334279
  CPU_PRIME: 100983280.07894902
  CPU_SORTING: 31651845.745573215
  CPU_ENCRYPTION: 9198240037.4828796
  CPU_COMPRESSION: 285142293.343104
  CPU_SINGLETHREAD: 1482.9723865222491
  CPU_PHYSICS: 1812.8917505793113
  CPU_MATRIX_MULT_SSE: 12982.454828654762
  CPU_mm: 2073.0513610252965
  CPU_sse: 7642.7213712617222
  CPU_fma: 12410.986068285834
  CPU_avx: 14837.587510897203
  CPU_avx512: 17038.524364174271
  m_CPU_enc_SHA: 3060742699.2017603
  m_CPU_enc_AES: 21788829928.72617
  m_CPU_enc_ECDSA: 2745147484.5207005
  ME_ALLOC_S: 0
  ME_READ_S: 0
  ME_READ_L: 0
  ME_WRITE: 0
  ME_LARGE: 0
  ME_LATENCY: 0
  ME_THREADED: 0
  SUMM_CPU: 18254.026663468267
  SUMM_ME: 0
SystemInformation:
  OSName: Ubuntu 20.04.3 LTS
  Kernel: 5.14.0
  Device: ""
  Processor: Intel(R) Xeon(R) Gold 5120 CPU @ 2.20GHz
  NumSockets: 1
  Manufacturer: GenuineIntel
  NumCores: 14
  NumLogicals: 28
  CPUFrequency: 2200
  Memory: 191916
  MemModuleInfo:
    iNumMemSticks: 0
Checksum: B6513327A2BB98A9D55A00D82F26DE5F4DAE5458