BaselineInfo:
  WebDBID: -1
  TimeStamp: 20220905092228
Version:
  Major: 10
  Minor: 1
  Build: 1005
  SpecialBuildName: ""
  ptArchitecture: x86_64_linux
Results:
  Results Complete: true
  NumTestProcesses: 4
  CPU_INTEGER_MATH: 12552.38465
  CPU_FLOATINGPOINT_MATH: 10504.60520946918
  CPU_PRIME: 43295848.348707169
  CPU_SORTING: 6543695.3421404092
  CPU_ENCRYPTION: 1691834267.0373082
  CPU_COMPRESSION: 58707824.528295152
  CPU_SINGLETHREAD: 1478.4510879544096
  CPU_PHYSICS: 594.92337603751116
  CPU_MATRIX_MULT_SSE: 3403.3161355312614
  CPU_mm: 522.37474935909961
  CPU_sse: 2132.4820216967273
  CPU_fma: 3387.7555946101061
  CPU_avx: 4077.79591995786
  CPU_avx512: 4015.2310058603525
  m_CPU_enc_SHA: 883691478.8959918
  m_CPU_enc_AES: 3419049681.8227081
  m_CPU_enc_ECDSA: 772761640.39322448
  ME_ALLOC_S: 0
  ME_READ_S: 0
  ME_READ_L: 0
  ME_WRITE: 0
  ME_LARGE: 0
  ME_LATENCY: 0
  ME_THREADED: 0
  SUMM_CPU: 4672.2799628701396
  SUMM_ME: 0
SystemInformation:
  OSName: Ubuntu 20.04.3 LTS
  Kernel: 5.14.0
  Device: ""
  Processor: Intel(R) Xeon(R) Gold 5120 CPU @ 2.20GHz
  NumSockets: 1
  Manufacturer: GenuineIntel
  NumCores: 14
  NumLogicals: 28
  CPUFrequency: 2200
  Memory: 191916
  MemModuleInfo:
    iNumMemSticks: 0
Checksum: 6EF97F6555410FB69F0E4182DE6EE958124F4945