BaselineInfo:
  WebDBID: -1
  TimeStamp: 20220905112429
Version:
  Major: 10
  Minor: 1
  Build: 1005
  SpecialBuildName: ""
  ptArchitecture: x86_64_linux
Results:
  Results Complete: true
  NumTestProcesses: 19
  CPU_INTEGER_MATH: 51944.207049999997
  CPU_FLOATINGPOINT_MATH: 38383.217708197626
  CPU_PRIME: 102788880.28879435
  CPU_SORTING: 26599085.422965609
  CPU_ENCRYPTION: 7302893521.1966801
  CPU_COMPRESSION: 238921053.1976465
  CPU_SINGLETHREAD: 1480.0829737978979
  CPU_PHYSICS: 1747.6085071992902
  CPU_MATRIX_MULT_SSE: 12430.76219435338
  CPU_mm: 2048.0704488107035
  CPU_sse: 7545.6180161175507
  CPU_fma: 12095.318108097135
  CPU_avx: 14512.880660114317
  CPU_avx512: 15569.231993084517
  m_CPU_enc_SHA: 3081489415.5381713
  m_CPU_enc_AES: 16102007027.525723
  m_CPU_enc_ECDSA: 2725184120.5261455
  ME_ALLOC_S: 0
  ME_READ_S: 0
  ME_READ_L: 0
  ME_WRITE: 0
  ME_LARGE: 0
  ME_LATENCY: 0
  ME_THREADED: 0
  SUMM_CPU: 16210.733337206622
  SUMM_ME: 0
SystemInformation:
  OSName: Ubuntu 20.04.3 LTS
  Kernel: 5.14.0
  Device: ""
  Processor: Intel(R) Xeon(R) Gold 5120 CPU @ 2.20GHz
  NumSockets: 1
  Manufacturer: GenuineIntel
  NumCores: 14
  NumLogicals: 28
  CPUFrequency: 2200
  Memory: 191916
  MemModuleInfo:
    iNumMemSticks: 0
Checksum: 0F48D209DCD9638612288A3D8450C605D65525A5