BaselineInfo:
  WebDBID: -1
  TimeStamp: 20220905101742
Version:
  Major: 10
  Minor: 1
  Build: 1005
  SpecialBuildName: ""
  ptArchitecture: x86_64_linux
Results:
  Results Complete: true
  NumTestProcesses: 11
  CPU_INTEGER_MATH: 34510.558199999999
  CPU_FLOATINGPOINT_MATH: 28898.038860402492
  CPU_PRIME: 91032205.059645787
  CPU_SORTING: 17948499.620225497
  CPU_ENCRYPTION: 4653055957.5215683
  CPU_COMPRESSION: 161245719.18096268
  CPU_SINGLETHREAD: 1478.4601736822231
  CPU_PHYSICS: 1314.2808712942126
  CPU_MATRIX_MULT_SSE: 9439.5103311396615
  CPU_mm: 1588.211533375752
  CPU_sse: 5878.5547263662165
  CPU_fma: 9333.0112338688723
  CPU_avx: 11178.477370059982
  CPU_avx512: 11367.997994263576
  m_CPU_enc_SHA: 2431969731.1666136
  m_CPU_enc_AES: 9399485683.0609131
  m_CPU_enc_ECDSA: 2127712458.3371804
  ME_ALLOC_S: 0
  ME_READ_S: 0
  ME_READ_L: 0
  ME_WRITE: 0
  ME_LARGE: 0
  ME_LATENCY: 0
  ME_THREADED: 0
  SUMM_CPU: 11786.321760644872
  SUMM_ME: 0
SystemInformation:
  OSName: Ubuntu 20.04.3 LTS
  Kernel: 5.14.0
  Device: ""
  Processor: Intel(R) Xeon(R) Gold 5120 CPU @ 2.20GHz
  NumSockets: 1
  Manufacturer: GenuineIntel
  NumCores: 14
  NumLogicals: 28
  CPUFrequency: 2200
  Memory: 191916
  MemModuleInfo:
    iNumMemSticks: 0
Checksum: 22B43A9873B4103187B8B546A01E64CE8CEC23E5