BaselineInfo:
  WebDBID: -1
  TimeStamp: 20220905104122
Version:
  Major: 10
  Minor: 1
  Build: 1005
  SpecialBuildName: ""
  ptArchitecture: x86_64_linux
Results:
  Results Complete: true
  NumTestProcesses: 14
  CPU_INTEGER_MATH: 43921.917050000004
  CPU_FLOATINGPOINT_MATH: 36756.214255028106
  CPU_PRIME: 105445243.46343377
  CPU_SORTING: 22862853.690119289
  CPU_ENCRYPTION: 5921481774.5547199
  CPU_COMPRESSION: 205405487.56165797
  CPU_SINGLETHREAD: 1479.5285131095939
  CPU_PHYSICS: 1587.1664992093233
  CPU_MATRIX_MULT_SSE: 12030.799475504044
  CPU_mm: 2028.0094390925831
  CPU_sse: 7477.5553365520282
  CPU_fma: 11875.819803790624
  CPU_avx: 14257.544254145949
  CPU_avx512: 14512.278507527566
  m_CPU_enc_SHA: 3094740109.862402
  m_CPU_enc_AES: 11962156063.817322
  m_CPU_enc_ECDSA: 2707549149.984437
  ME_ALLOC_S: 0
  ME_READ_S: 0
  ME_READ_L: 0
  ME_WRITE: 0
  ME_LARGE: 0
  ME_LATENCY: 0
  ME_THREADED: 0
  SUMM_CPU: 14505.183828963098
  SUMM_ME: 0
SystemInformation:
  OSName: Ubuntu 20.04.3 LTS
  Kernel: 5.14.0
  Device: ""
  Processor: Intel(R) Xeon(R) Gold 5120 CPU @ 2.20GHz
  NumSockets: 1
  Manufacturer: GenuineIntel
  NumCores: 14
  NumLogicals: 28
  CPUFrequency: 2200
  Memory: 191916
  MemModuleInfo:
    iNumMemSticks: 0
Checksum: 0D99EDF657DADF3A1EA7775E0381458128623154