BaselineInfo:
  WebDBID: -1
  TimeStamp: 20220905100948
Version:
  Major: 10
  Minor: 1
  Build: 1005
  SpecialBuildName: ""
  ptArchitecture: x86_64_linux
Results:
  Results Complete: true
  NumTestProcesses: 10
  CPU_INTEGER_MATH: 31377.473750000001
  CPU_FLOATINGPOINT_MATH: 26262.307577884927
  CPU_PRIME: 85914340.765464544
  CPU_SORTING: 16324199.498783167
  CPU_ENCRYPTION: 4230342474.9821539
  CPU_COMPRESSION: 146697600.01831868
  CPU_SINGLETHREAD: 1479.0136252030152
  CPU_PHYSICS: 1214.5626339663033
  CPU_MATRIX_MULT_SSE: 8580.8700246839217
  CPU_mm: 1449.4294001459139
  CPU_sse: 5344.9089970385085
  CPU_fma: 8478.2143304683304
  CPU_avx: 10189.872875899973
  CPU_avx512: 10310.483895328876
  m_CPU_enc_SHA: 2210618195.2637949
  m_CPU_enc_AES: 8545533112.0428848
  m_CPU_enc_ECDSA: 1934876117.6397829
  ME_ALLOC_S: 0
  ME_READ_S: 0
  ME_READ_L: 0
  ME_WRITE: 0
  ME_LARGE: 0
  ME_LATENCY: 0
  ME_THREADED: 0
  SUMM_CPU: 10842.425340835778
  SUMM_ME: 0
SystemInformation:
  OSName: Ubuntu 20.04.3 LTS
  Kernel: 5.14.0
  Device: ""
  Processor: Intel(R) Xeon(R) Gold 5120 CPU @ 2.20GHz
  NumSockets: 1
  Manufacturer: GenuineIntel
  NumCores: 14
  NumLogicals: 28
  CPUFrequency: 2200
  Memory: 191916
  MemModuleInfo:
    iNumMemSticks: 0
Checksum: 09EE17B327A3B69798CEB43BD7DBBEBC65A1F951