BaselineInfo:
  WebDBID: -1
  TimeStamp: 20220905093023
Version:
  Major: 10
  Minor: 1
  Build: 1005
  SpecialBuildName: ""
  ptArchitecture: x86_64_linux
Results:
  Results Complete: true
  NumTestProcesses: 5
  CPU_INTEGER_MATH: 15689.068799999999
  CPU_FLOATINGPOINT_MATH: 13133.46325171203
  CPU_PRIME: 53297753.663020968
  CPU_SORTING: 8183958.9034194294
  CPU_ENCRYPTION: 2115289901.7674661
  CPU_COMPRESSION: 73391932.999610782
  CPU_SINGLETHREAD: 1479.5287027769236
  CPU_PHYSICS: 708.28410400600865
  CPU_MATRIX_MULT_SSE: 4260.4931056395217
  CPU_mm: 724.90947020801229
  CPU_sse: 2671.8509590007943
  CPU_fma: 4242.0317564716051
  CPU_avx: 5092.4553648759447
  CPU_avx512: 5035.6343422097461
  m_CPU_enc_SHA: 1105446023.8158057
  m_CPU_enc_AES: 4273375895.6390319
  m_CPU_enc_ECDSA: 967047785.84756088
  ME_ALLOC_S: 0
  ME_READ_S: 0
  ME_READ_L: 0
  ME_WRITE: 0
  ME_LARGE: 0
  ME_LATENCY: 0
  ME_THREADED: 0
  SUMM_CPU: 5769.1715105698613
  SUMM_ME: 0
SystemInformation:
  OSName: Ubuntu 20.04.3 LTS
  Kernel: 5.14.0
  Device: ""
  Processor: Intel(R) Xeon(R) Gold 5120 CPU @ 2.20GHz
  NumSockets: 1
  Manufacturer: GenuineIntel
  NumCores: 14
  NumLogicals: 28
  CPUFrequency: 2200
  Memory: 191916
  MemModuleInfo:
    iNumMemSticks: 0
Checksum: 0BD2D8C366B9AEA66E2B683E9E3AEA16C7278048