BaselineInfo:
  WebDBID: -1
  TimeStamp: 20220905121618
Version:
  Major: 10
  Minor: 1
  Build: 1005
  SpecialBuildName: ""
  ptArchitecture: x86_64_linux
Results:
  Results Complete: true
  NumTestProcesses: 25
  CPU_INTEGER_MATH: 61568.967049999999
  CPU_FLOATINGPOINT_MATH: 40311.799665755025
  CPU_PRIME: 100305541.37600385
  CPU_SORTING: 30865341.460752487
  CPU_ENCRYPTION: 8921913973.7739563
  CPU_COMPRESSION: 278340251.51064157
  CPU_SINGLETHREAD: 1477.108382278283
  CPU_PHYSICS: 1796.8833316652388
  CPU_MATRIX_MULT_SSE: 12890.06413305871
  CPU_mm: 2069.9016991650456
  CPU_sse: 7567.8790142343187
  CPU_fma: 12377.608759069202
  CPU_avx: 14800.803765747867
  CPU_avx512: 16813.964993183454
  m_CPU_enc_SHA: 3064134018.48698
  m_CPU_enc_AES: 20961792161.9939
  m_CPU_enc_ECDSA: 2739815740.8409886
  ME_ALLOC_S: 0
  ME_READ_S: 0
  ME_READ_L: 0
  ME_WRITE: 0
  ME_LARGE: 0
  ME_LATENCY: 0
  ME_THREADED: 0
  SUMM_CPU: 17948.330031011279
  SUMM_ME: 0
SystemInformation:
  OSName: Ubuntu 20.04.3 LTS
  Kernel: 5.14.0
  Device: ""
  Processor: Intel(R) Xeon(R) Gold 5120 CPU @ 2.20GHz
  NumSockets: 1
  Manufacturer: GenuineIntel
  NumCores: 14
  NumLogicals: 28
  CPUFrequency: 2200
  Memory: 191916
  MemModuleInfo:
    iNumMemSticks: 0
Checksum: 9E91F24FEB2A7A004FFCEF41E648A02A2EFF3495