BaselineInfo:
  WebDBID: -1
  TimeStamp: 20220905090641
Version:
  Major: 10
  Minor: 1
  Build: 1005
  SpecialBuildName: ""
  ptArchitecture: x86_64_linux
Results:
  Results Complete: true
  NumTestProcesses: 2
  CPU_INTEGER_MATH: 6274.8096000000005
  CPU_FLOATINGPOINT_MATH: 5256.7654771580746
  CPU_PRIME: 22012901.021431688
  CPU_SORTING: 3261255.0118379863
  CPU_ENCRYPTION: 845861677.83366942
  CPU_COMPRESSION: 29358806.749155141
  CPU_SINGLETHREAD: 1479.6024747345887
  CPU_PHYSICS: 324.67320175885709
  CPU_MATRIX_MULT_SSE: 1685.1847234472284
  CPU_mm: 289.76252091788768
  CPU_sse: 1067.8015996277695
  CPU_fma: 1696.6738930550955
  CPU_avx: 2036.6355493595129
  CPU_avx512: 1939.627851746536
  m_CPU_enc_SHA: 442073705.88383162
  m_CPU_enc_AES: 1709267165.2603073
  m_CPU_enc_ECDSA: 386244162.35686928
  ME_ALLOC_S: 0
  ME_READ_S: 0
  ME_READ_L: 0
  ME_WRITE: 0
  ME_LARGE: 0
  ME_LATENCY: 0
  ME_THREADED: 0
  SUMM_CPU: 2391.2991940630709
  SUMM_ME: 0
SystemInformation:
  OSName: Ubuntu 20.04.3 LTS
  Kernel: 5.14.0
  Device: ""
  Processor: Intel(R) Xeon(R) Gold 5120 CPU @ 2.20GHz
  NumSockets: 1
  Manufacturer: GenuineIntel
  NumCores: 14
  NumLogicals: 28
  CPUFrequency: 2200
  Memory: 191916
  MemModuleInfo:
    iNumMemSticks: 0
Checksum: BA25D36847C61AABBF018F4ECB1EE38A4989876A