BaselineInfo:
  WebDBID: -1
  TimeStamp: 20220905111551
Version:
  Major: 10
  Minor: 1
  Build: 1005
  SpecialBuildName: ""
  ptArchitecture: x86_64_linux
Results:
  Results Complete: true
  NumTestProcesses: 18
  CPU_INTEGER_MATH: 50341.50275
  CPU_FLOATINGPOINT_MATH: 38065.616181986406
  CPU_PRIME: 103186308.41400072
  CPU_SORTING: 25867478.785681874
  CPU_ENCRYPTION: 7026425255.8749447
  CPU_COMPRESSION: 232813461.05539882
  CPU_SINGLETHREAD: 1478.8906162379321
  CPU_PHYSICS: 1723.9927999554031
  CPU_MATRIX_MULT_SSE: 12352.954954612618
  CPU_mm: 2044.5122562006882
  CPU_sse: 7529.0636673424851
  CPU_fma: 12055.449566321289
  CPU_avx: 14465.646879770242
  CPU_avx512: 15361.659705016464
  m_CPU_enc_SHA: 3084147195.5238352
  m_CPU_enc_AES: 15274501858.483093
  m_CPU_enc_ECDSA: 2720626713.6179023
  ME_ALLOC_S: 0
  ME_READ_S: 0
  ME_READ_L: 0
  ME_WRITE: 0
  ME_LARGE: 0
  ME_LATENCY: 0
  ME_THREADED: 0
  SUMM_CPU: 15891.929494125347
  SUMM_ME: 0
SystemInformation:
  OSName: Ubuntu 20.04.3 LTS
  Kernel: 5.14.0
  Device: ""
  Processor: Intel(R) Xeon(R) Gold 5120 CPU @ 2.20GHz
  NumSockets: 1
  Manufacturer: GenuineIntel
  NumCores: 14
  NumLogicals: 28
  CPUFrequency: 2200
  Memory: 191916
  MemModuleInfo:
    iNumMemSticks: 0
Checksum: 5915765123447B7C39340203FB77FABA27E74854