BaselineInfo:
  WebDBID: -1
  TimeStamp: 20220905093816
Version:
  Major: 10
  Minor: 1
  Build: 1005
  SpecialBuildName: ""
  ptArchitecture: x86_64_linux
Results:
  Results Complete: true
  NumTestProcesses: 6
  CPU_INTEGER_MATH: 18827.133900000001
  CPU_FLOATINGPOINT_MATH: 15752.764297709549
  CPU_PRIME: 61575716.083708383
  CPU_SORTING: 9826420.0093021542
  CPU_ENCRYPTION: 2537813104.5229487
  CPU_COMPRESSION: 88045725.122294217
  CPU_SINGLETHREAD: 1479.3668736563936
  CPU_PHYSICS: 824.7631769054949
  CPU_MATRIX_MULT_SSE: 5121.0932120430807
  CPU_mm: 866.05943845814181
  CPU_sse: 3179.4676341165123
  CPU_fma: 5091.7803171747137
  CPU_avx: 6116.394818562736
  CPU_avx512: 6096.7300783183564
  m_CPU_enc_SHA: 1326302513.9147191
  m_CPU_enc_AES: 5128010551.4223738
  m_CPU_enc_ECDSA: 1159126248.2317524
  ME_ALLOC_S: 0
  ME_READ_S: 0
  ME_READ_L: 0
  ME_WRITE: 0
  ME_LARGE: 0
  ME_LATENCY: 0
  ME_THREADED: 0
  SUMM_CPU: 6837.7649324281347
  SUMM_ME: 0
SystemInformation:
  OSName: Ubuntu 20.04.3 LTS
  Kernel: 5.14.0
  Device: ""
  Processor: Intel(R) Xeon(R) Gold 5120 CPU @ 2.20GHz
  NumSockets: 1
  Manufacturer: GenuineIntel
  NumCores: 14
  NumLogicals: 28
  CPUFrequency: 2200
  Memory: 191916
  MemModuleInfo:
    iNumMemSticks: 0
Checksum: A353927E30F72C30134B81101F717FA1BC2B5DF6