BaselineInfo:
  WebDBID: -1
  TimeStamp: 20220905085847
Version:
  Major: 10
  Minor: 1
  Build: 1005
  SpecialBuildName: ""
  ptArchitecture: x86_64_linux
Results:
  Results Complete: true
  NumTestProcesses: 1
  CPU_INTEGER_MATH: 3371.5841
  CPU_FLOATINGPOINT_MATH: 2623.5863452854319
  CPU_PRIME: 11007474.556534672
  CPU_SORTING: 1619941.0581019782
  CPU_ENCRYPTION: 422448236.48909616
  CPU_COMPRESSION: 14175741.756248463
  CPU_SINGLETHREAD: 1480.2645954204049
  CPU_PHYSICS: 162.72272661447769
  CPU_MATRIX_MULT_SSE: 832.04869514383927
  CPU_mm: 144.92474689197053
  CPU_sse: 534.24408866933163
  CPU_fma: 847.82165565844923
  CPU_avx: 1017.5892913619167
  CPU_avx512: 928.53974488566018
  m_CPU_enc_SHA: 221143376.44724563
  m_CPU_enc_AES: 853949290.04775655
  m_CPU_enc_ECDSA: 192252042.97228628
  ME_ALLOC_S: 0
  ME_READ_S: 0
  ME_READ_L: 0
  ME_WRITE: 0
  ME_LARGE: 0
  ME_LATENCY: 0
  ME_THREADED: 0
  SUMM_CPU: 1213.2686133152338
  SUMM_ME: 0
SystemInformation:
  OSName: Ubuntu 20.04.3 LTS
  Kernel: 5.14.0
  Device: ""
  Processor: Intel(R) Xeon(R) Gold 5120 CPU @ 2.20GHz
  NumSockets: 1
  Manufacturer: GenuineIntel
  NumCores: 14
  NumLogicals: 28
  CPUFrequency: 2200
  Memory: 191916
  MemModuleInfo:
    iNumMemSticks: 0
Checksum: CF35370045857E36F41049862B674177E782A9E4