BaselineInfo:
  WebDBID: -1
  TimeStamp: 20220905091435
Version:
  Major: 10
  Minor: 1
  Build: 1005
  SpecialBuildName: ""
  ptArchitecture: x86_64_linux
Results:
  Results Complete: true
  NumTestProcesses: 3
  CPU_INTEGER_MATH: 9414.3018000000011
  CPU_FLOATINGPOINT_MATH: 7887.4613216626894
  CPU_PRIME: 33101532.407656871
  CPU_SORTING: 4914749.5166580435
  CPU_ENCRYPTION: 1269148130.0673461
  CPU_COMPRESSION: 43766410.869027644
  CPU_SINGLETHREAD: 1477.8006499870216
  CPU_PHYSICS: 469.22516629434676
  CPU_MATRIX_MULT_SSE: 2538.1115631096454
  CPU_mm: 435.03806183260099
  CPU_sse: 1587.1808469722334
  CPU_fma: 2537.4520002182971
  CPU_avx: 3059.4179059413241
  CPU_avx512: 2968.3954993067282
  m_CPU_enc_SHA: 663339556.16881847
  m_CPU_enc_AES: 2563893193.2963219
  m_CPU_enc_ECDSA: 580211640.73689795
  ME_ALLOC_S: 0
  ME_READ_S: 0
  ME_READ_L: 0
  ME_WRITE: 0
  ME_LARGE: 0
  ME_LATENCY: 0
  ME_THREADED: 0
  SUMM_CPU: 3544.823496419629
  SUMM_ME: 0
SystemInformation:
  OSName: Ubuntu 20.04.3 LTS
  Kernel: 5.14.0
  Device: ""
  Processor: Intel(R) Xeon(R) Gold 5120 CPU @ 2.20GHz
  NumSockets: 1
  Manufacturer: GenuineIntel
  NumCores: 14
  NumLogicals: 28
  CPUFrequency: 2200
  Memory: 191916
  MemModuleInfo:
    iNumMemSticks: 0
Checksum: 6157E975B41207E225578BB6707932BF9FD83430