BaselineInfo:
  WebDBID: -1
  TimeStamp: 20220905114144
Version:
  Major: 10
  Minor: 1
  Build: 1005
  SpecialBuildName: ""
  ptArchitecture: x86_64_linux
Results:
  Results Complete: true
  NumTestProcesses: 21
  CPU_INTEGER_MATH: 55155.476699999999
  CPU_FLOATINGPOINT_MATH: 39037.801917204357
  CPU_PRIME: 101919065.34671085
  CPU_SORTING: 28035821.222224735
  CPU_ENCRYPTION: 7849016402.0371132
  CPU_COMPRESSION: 250935102.08093029
  CPU_SINGLETHREAD: 1479.6578916366436
  CPU_PHYSICS: 1778.5061727617895
  CPU_MATRIX_MULT_SSE: 12576.576359834977
  CPU_mm: 2053.3877032548667
  CPU_sse: 7521.8730639534606
  CPU_fma: 12191.827721952048
  CPU_avx: 14610.194685754659
  CPU_avx512: 15982.409967679738
  m_CPU_enc_SHA: 3076176625.557508
  m_CPU_enc_AES: 17741980625.317776
  m_CPU_enc_ECDSA: 2728891955.2360582
  ME_ALLOC_S: 0
  ME_READ_S: 0
  ME_READ_L: 0
  ME_WRITE: 0
  ME_LARGE: 0
  ME_LATENCY: 0
  ME_THREADED: 0
  SUMM_CPU: 16812.24104749566
  SUMM_ME: 0
SystemInformation:
  OSName: Ubuntu 20.04.3 LTS
  Kernel: 5.14.0
  Device: ""
  Processor: Intel(R) Xeon(R) Gold 5120 CPU @ 2.20GHz
  NumSockets: 1
  Manufacturer: GenuineIntel
  NumCores: 14
  NumLogicals: 28
  CPUFrequency: 2200
  Memory: 191916
  MemModuleInfo:
    iNumMemSticks: 0
Checksum: 8F8E9C0F7AB6644A469064E6E7582D403CB21851