BaselineInfo:
  WebDBID: -1
  TimeStamp: 20220905110714
Version:
  Major: 10
  Minor: 1
  Build: 1005
  SpecialBuildName: ""
  ptArchitecture: x86_64_linux
Results:
  Results Complete: true
  NumTestProcesses: 17
  CPU_INTEGER_MATH: 48735.876800000005
  CPU_FLOATINGPOINT_MATH: 37744.825343851626
  CPU_PRIME: 103702299.89282058
  CPU_SORTING: 25049112.7957412
  CPU_ENCRYPTION: 6750138697.88274
  CPU_COMPRESSION: 225360524.00048667
  CPU_SINGLETHREAD: 1479.4515210836425
  CPU_PHYSICS: 1696.3189004950616
  CPU_MATRIX_MULT_SSE: 12272.373127750232
  CPU_mm: 2040.3521415301809
  CPU_sse: 7522.3834010780292
  CPU_fma: 12008.183881598148
  CPU_avx: 14413.523004356508
  CPU_avx512: 15145.402223968242
  m_CPU_enc_SHA: 3086898484.4985204
  m_CPU_enc_AES: 14447837586.616426
  m_CPU_enc_ECDSA: 2715680022.5332708
  ME_ALLOC_S: 0
  ME_READ_S: 0
  ME_READ_L: 0
  ME_WRITE: 0
  ME_LARGE: 0
  ME_LATENCY: 0
  ME_THREADED: 0
  SUMM_CPU: 15549.497230987583
  SUMM_ME: 0
SystemInformation:
  OSName: Ubuntu 20.04.3 LTS
  Kernel: 5.14.0
  Device: ""
  Processor: Intel(R) Xeon(R) Gold 5120 CPU @ 2.20GHz
  NumSockets: 1
  Manufacturer: GenuineIntel
  NumCores: 14
  NumLogicals: 28
  CPUFrequency: 2200
  Memory: 191916
  MemModuleInfo:
    iNumMemSticks: 0
Checksum: D3573E3DC9B447545A2755B6992BC99EFD6168D2