BaselineInfo:
  WebDBID: -1
  TimeStamp: 20220905104959
Version:
  Major: 10
  Minor: 1
  Build: 1005
  SpecialBuildName: ""
  ptArchitecture: x86_64_linux
Results:
  Results Complete: true
  NumTestProcesses: 15
  CPU_INTEGER_MATH: 45528.07905
  CPU_FLOATINGPOINT_MATH: 37108.604606653389
  CPU_PRIME: 104820005.19721961
  CPU_SORTING: 23579295.565070778
  CPU_ENCRYPTION: 6198228274.5747681
  CPU_COMPRESSION: 212132169.82522288
  CPU_SINGLETHREAD: 1479.2078852062016
  CPU_PHYSICS: 1632.0241680811764
  CPU_MATRIX_MULT_SSE: 12093.811132957235
  CPU_mm: 2032.8607509397832
  CPU_sse: 7409.1373022581656
  CPU_fma: 11920.451903888905
  CPU_avx: 14314.514427424787
  CPU_avx512: 14731.140898257072
  m_CPU_enc_SHA: 3091700957.1291747
  m_CPU_enc_AES: 12791305194.537867
  m_CPU_enc_ECDSA: 2711678672.05726
  ME_ALLOC_S: 0
  ME_READ_S: 0
  ME_READ_L: 0
  ME_WRITE: 0
  ME_LARGE: 0
  ME_LATENCY: 0
  ME_THREADED: 0
  SUMM_CPU: 14862.182552113974
  SUMM_ME: 0
SystemInformation:
  OSName: Ubuntu 20.04.3 LTS
  Kernel: 5.14.0
  Device: ""
  Processor: Intel(R) Xeon(R) Gold 5120 CPU @ 2.20GHz
  NumSockets: 1
  Manufacturer: GenuineIntel
  NumCores: 14
  NumLogicals: 28
  CPUFrequency: 2200
  Memory: 191916
  MemModuleInfo:
    iNumMemSticks: 0
Checksum: 9D654F801BFBF346E94541C780D3B32FCB9D91A4