BaselineInfo:
  WebDBID: -1
  TimeStamp: 20220905105837
Version:
  Major: 10
  Minor: 1
  Build: 1005
  SpecialBuildName: ""
  ptArchitecture: x86_64_linux
Results:
  Results Complete: true
  NumTestProcesses: 16
  CPU_INTEGER_MATH: 47133.367750000005
  CPU_FLOATINGPOINT_MATH: 37421.389570717947
  CPU_PRIME: 104160647.74860567
  CPU_SORTING: 24357771.106289059
  CPU_ENCRYPTION: 6474021100.5867987
  CPU_COMPRESSION: 218622543.10974979
  CPU_SINGLETHREAD: 1479.2305203154215
  CPU_PHYSICS: 1674.7651333252215
  CPU_MATRIX_MULT_SSE: 12180.669770125423
  CPU_mm: 2033.3059245092891
  CPU_sse: 7441.5542108508535
  CPU_fma: 11967.406585281109
  CPU_avx: 14371.085876345674
  CPU_avx512: 14942.632408024057
  m_CPU_enc_SHA: 3089057179.7534962
  m_CPU_enc_AES: 13619899989.161833
  m_CPU_enc_ECDSA: 2713106132.845067
  ME_ALLOC_S: 0
  ME_READ_S: 0
  ME_READ_L: 0
  ME_WRITE: 0
  ME_LARGE: 0
  ME_LATENCY: 0
  ME_THREADED: 0
  SUMM_CPU: 15213.561209419102
  SUMM_ME: 0
SystemInformation:
  OSName: Ubuntu 20.04.3 LTS
  Kernel: 5.14.0
  Device: ""
  Processor: Intel(R) Xeon(R) Gold 5120 CPU @ 2.20GHz
  NumSockets: 1
  Manufacturer: GenuineIntel
  NumCores: 14
  NumLogicals: 28
  CPUFrequency: 2200
  Memory: 191916
  MemModuleInfo:
    iNumMemSticks: 0
Checksum: C41604810FBB0120088403132115A94C6C4F53FC