BaselineInfo:
  WebDBID: -1
  TimeStamp: 20220905120739
Version:
  Major: 10
  Minor: 1
  Build: 1005
  SpecialBuildName: ""
  ptArchitecture: x86_64_linux
Results:
  Results Complete: true
  NumTestProcesses: 24
  CPU_INTEGER_MATH: 59967.82475
  CPU_FLOATINGPOINT_MATH: 39999.589809694138
  CPU_PRIME: 101277378.09117997
  CPU_SORTING: 30157595.346850425
  CPU_ENCRYPTION: 8661549866.8414879
  CPU_COMPRESSION: 271748799.05919945
  CPU_SINGLETHREAD: 1477.5744485017867
  CPU_PHYSICS: 1798.5855862368553
  CPU_MATRIX_MULT_SSE: 12807.147343245648
  CPU_mm: 2066.2611901312275
  CPU_sse: 7554.0818278429388
  CPU_fma: 12328.480744265444
  CPU_avx: 14748.749083070838
  CPU_avx512: 16597.277717803372
  m_CPU_enc_SHA: 3067525770.8845019
  m_CPU_enc_AES: 20179491906.191208
  m_CPU_enc_ECDSA: 2737631923.44875
  ME_ALLOC_S: 0
  ME_READ_S: 0
  ME_READ_L: 0
  ME_WRITE: 0
  ME_LARGE: 0
  ME_LATENCY: 0
  ME_THREADED: 0
  SUMM_CPU: 17683.098321924426
  SUMM_ME: 0
SystemInformation:
  OSName: Ubuntu 20.04.3 LTS
  Kernel: 5.14.0
  Device: ""
  Processor: Intel(R) Xeon(R) Gold 5120 CPU @ 2.20GHz
  NumSockets: 1
  Manufacturer: GenuineIntel
  NumCores: 14
  NumLogicals: 28
  CPUFrequency: 2200
  Memory: 191916
  MemModuleInfo:
    iNumMemSticks: 0
Checksum: 691F420298B7CBA7AE14760AB2F2B506131CC3A1