BaselineInfo:
  WebDBID: -1
  TimeStamp: 20220905094609
Version:
  Major: 10
  Minor: 1
  Build: 1005
  SpecialBuildName: ""
  ptArchitecture: x86_64_linux
Results:
  Results Complete: true
  NumTestProcesses: 7
  CPU_INTEGER_MATH: 21965.529150000002
  CPU_FLOATINGPOINT_MATH: 18386.787979079858
  CPU_PRIME: 68522761.550486356
  CPU_SORTING: 11452508.369662341
  CPU_ENCRYPTION: 2961490781.6251688
  CPU_COMPRESSION: 102718761.87914327
  CPU_SINGLETHREAD: 1480.0882130364409
  CPU_PHYSICS: 931.02539493661129
  CPU_MATRIX_MULT_SSE: 5991.7206333517424
  CPU_mm: 1015.3108568514527
  CPU_sse: 3740.2782184127018
  CPU_fma: 5939.9846585980995
  CPU_avx: 7137.2120070480278
  CPU_avx512: 7149.4076493481416
  m_CPU_enc_SHA: 1547424464.2530544
  m_CPU_enc_AES: 5982750707.9273424
  m_CPU_enc_ECDSA: 1354297172.6951089
  ME_ALLOC_S: 0
  ME_READ_S: 0
  ME_READ_L: 0
  ME_WRITE: 0
  ME_LARGE: 0
  ME_LATENCY: 0
  ME_THREADED: 0
  SUMM_CPU: 7879.0459033264051
  SUMM_ME: 0
SystemInformation:
  OSName: Ubuntu 20.04.3 LTS
  Kernel: 5.14.0
  Device: ""
  Processor: Intel(R) Xeon(R) Gold 5120 CPU @ 2.20GHz
  NumSockets: 1
  Manufacturer: GenuineIntel
  NumCores: 14
  NumLogicals: 28
  CPUFrequency: 2200
  Memory: 191916
  MemModuleInfo:
    iNumMemSticks: 0
Checksum: D6E97F24680598B50AA7E415539FFA7468476568