BaselineInfo:
  WebDBID: -1
  TimeStamp: 20220905115901
Version:
  Major: 10
  Minor: 1
  Build: 1005
  SpecialBuildName: ""
  ptArchitecture: x86_64_linux
Results:
  Results Complete: true
  NumTestProcesses: 23
  CPU_INTEGER_MATH: 58364.232949999998
  CPU_FLOATINGPOINT_MATH: 39675.087540745342
  CPU_PRIME: 101487934.61724859
  CPU_SORTING: 29536436.919937693
  CPU_ENCRYPTION: 8389740335.403162
  CPU_COMPRESSION: 265072765.55242875
  CPU_SINGLETHREAD: 1479.5881177104459
  CPU_PHYSICS: 1789.2863046633024
  CPU_MATRIX_MULT_SSE: 12745.591205533368
  CPU_mm: 2062.9536806665201
  CPU_sse: 7608.1387012820487
  CPU_fma: 12277.946299154724
  CPU_avx: 14702.347933747118
  CPU_avx512: 16393.931887949591
  m_CPU_enc_SHA: 3069981764.6525373
  m_CPU_enc_AES: 19364974914.612259
  m_CPU_enc_ECDSA: 2734264326.9446893
  ME_ALLOC_S: 0
  ME_READ_S: 0
  ME_READ_L: 0
  ME_WRITE: 0
  ME_LARGE: 0
  ME_LATENCY: 0
  ME_THREADED: 0
  SUMM_CPU: 17409.525281003785
  SUMM_ME: 0
SystemInformation:
  OSName: Ubuntu 20.04.3 LTS
  Kernel: 5.14.0
  Device: ""
  Processor: Intel(R) Xeon(R) Gold 5120 CPU @ 2.20GHz
  NumSockets: 1
  Manufacturer: GenuineIntel
  NumCores: 14
  NumLogicals: 28
  CPUFrequency: 2200
  Memory: 191916
  MemModuleInfo:
    iNumMemSticks: 0
Checksum: E86872EF101A7B036B85DC3B6F706F34F8D3059B