BaselineInfo:
  WebDBID: -1
  TimeStamp: 20220905113307
Version:
  Major: 10
  Minor: 1
  Build: 1005
  SpecialBuildName: ""
  ptArchitecture: x86_64_linux
Results:
  Results Complete: true
  NumTestProcesses: 20
  CPU_INTEGER_MATH: 53549.052000000003
  CPU_FLOATINGPOINT_MATH: 38727.38351026384
  CPU_PRIME: 102594831.1049681
  CPU_SORTING: 27247247.819823638
  CPU_ENCRYPTION: 7576713859.4669399
  CPU_COMPRESSION: 245602582.6158542
  CPU_SINGLETHREAD: 1479.4844806118163
  CPU_PHYSICS: 1766.3784649649122
  CPU_MATRIX_MULT_SSE: 12495.804533402263
  CPU_mm: 2051.8502311416796
  CPU_sse: 7500.5336681734188
  CPU_fma: 12142.151718656143
  CPU_avx: 14552.066210795461
  CPU_avx512: 15788.466535984027
  m_CPU_enc_SHA: 3078718108.2790422
  m_CPU_enc_AES: 16925543154.887379
  m_CPU_enc_ECDSA: 2725880315.2343974
  ME_ALLOC_S: 0
  ME_READ_S: 0
  ME_READ_L: 0
  ME_WRITE: 0
  ME_LARGE: 0
  ME_LATENCY: 0
  ME_THREADED: 0
  SUMM_CPU: 16517.878316909948
  SUMM_ME: 0
SystemInformation:
  OSName: Ubuntu 20.04.3 LTS
  Kernel: 5.14.0
  Device: ""
  Processor: Intel(R) Xeon(R) Gold 5120 CPU @ 2.20GHz
  NumSockets: 1
  Manufacturer: GenuineIntel
  NumCores: 14
  NumLogicals: 28
  CPUFrequency: 2200
  Memory: 191916
  MemModuleInfo:
    iNumMemSticks: 0
Checksum: 8200E798811BF0588EA4C4D876FF6B6E73F7E155