BaselineInfo:
  WebDBID: -1
  TimeStamp: 20220905103329
Version:
  Major: 10
  Minor: 1
  Build: 1005
  SpecialBuildName: ""
  ptArchitecture: x86_64_linux
Results:
  Results Complete: true
  NumTestProcesses: 13
  CPU_INTEGER_MATH: 40788.001900000003
  CPU_FLOATINGPOINT_MATH: 34148.705334930492
  CPU_PRIME: 100761111.77706456
  CPU_SORTING: 21236585.596036863
  CPU_ENCRYPTION: 5497551611.3185358
  CPU_COMPRESSION: 190746798.74946311
  CPU_SINGLETHREAD: 1482.0535639850768
  CPU_PHYSICS: 1528.3403801643285
  CPU_MATRIX_MULT_SSE: 11157.674289599156
  CPU_mm: 1883.5053104144235
  CPU_sse: 6876.9086944790133
  CPU_fma: 11027.564390539988
  CPU_avx: 13248.935184753564
  CPU_avx512: 13477.28888862406
  m_CPU_enc_SHA: 2873847558.8924832
  m_CPU_enc_AES: 11106394779.521389
  m_CPU_enc_ECDSA: 2512412495.5417323
  ME_ALLOC_S: 0
  ME_READ_S: 0
  ME_READ_L: 0
  ME_WRITE: 0
  ME_LARGE: 0
  ME_LATENCY: 0
  ME_THREADED: 0
  SUMM_CPU: 13630.997283560315
  SUMM_ME: 0
SystemInformation:
  OSName: Ubuntu 20.04.3 LTS
  Kernel: 5.14.0
  Device: ""
  Processor: Intel(R) Xeon(R) Gold 5120 CPU @ 2.20GHz
  NumSockets: 1
  Manufacturer: GenuineIntel
  NumCores: 14
  NumLogicals: 28
  CPUFrequency: 2200
  Memory: 191916
  MemModuleInfo:
    iNumMemSticks: 0
Checksum: 36F23886F41D7148FDE37CF2EF33C5271B479FD2