BaselineInfo:
  WebDBID: -1
  TimeStamp: 20220905100155
Version:
  Major: 10
  Minor: 1
  Build: 1005
  SpecialBuildName: ""
  ptArchitecture: x86_64_linux
Results:
  Results Complete: true
  NumTestProcesses: 9
  CPU_INTEGER_MATH: 28236.934300000004
  CPU_FLOATINGPOINT_MATH: 23631.23943906046
  CPU_PRIME: 80077123.712681919
  CPU_SORTING: 14712904.882293489
  CPU_ENCRYPTION: 3806810522.7148924
  CPU_COMPRESSION: 132057813.44876122
  CPU_SINGLETHREAD: 1481.2258424096774
  CPU_PHYSICS: 1144.0592827160265
  CPU_MATRIX_MULT_SSE: 7704.9287353517939
  CPU_mm: 1305.0452143195541
  CPU_sse: 4756.0381554640471
  CPU_fma: 7633.6193207511815
  CPU_avx: 9176.3246484316423
  CPU_avx512: 9253.7328167603027
  m_CPU_enc_SHA: 1989422863.6600995
  m_CPU_enc_AES: 7690837742.5070305
  m_CPU_enc_ECDSA: 1740170961.9775484
  ME_ALLOC_S: 0
  ME_READ_S: 0
  ME_READ_L: 0
  ME_WRITE: 0
  ME_LARGE: 0
  ME_LATENCY: 0
  ME_THREADED: 0
  SUMM_CPU: 9882.2517537835411
  SUMM_ME: 0
SystemInformation:
  OSName: Ubuntu 20.04.3 LTS
  Kernel: 5.14.0
  Device: ""
  Processor: Intel(R) Xeon(R) Gold 5120 CPU @ 2.20GHz
  NumSockets: 1
  Manufacturer: GenuineIntel
  NumCores: 14
  NumLogicals: 28
  CPUFrequency: 2200
  Memory: 191916
  MemModuleInfo:
    iNumMemSticks: 0
Checksum: 0742834BF18F94B893FBF05665BEEC60A7BC1AD6