BaselineInfo:
  WebDBID: -1
  TimeStamp: 20220905123335
Version:
  Major: 10
  Minor: 1
  Build: 1005
  SpecialBuildName: ""
  ptArchitecture: x86_64_linux
Results:
  Results Complete: true
  NumTestProcesses: 27
  CPU_INTEGER_MATH: 64780.478100000008
  CPU_FLOATINGPOINT_MATH: 40960.754376342738
  CPU_PRIME: 100123098.25782007
  CPU_SORTING: 32339300.242552958
  CPU_ENCRYPTION: 9453784448.4110641
  CPU_COMPRESSION: 290503226.65094948
  CPU_SINGLETHREAD: 1479.1189205098967
  CPU_PHYSICS: 1810.4556005918016
  CPU_MATRIX_MULT_SSE: 13053.76013271368
  CPU_mm: 2074.5290494285337
  CPU_sse: 7631.0932782033706
  CPU_fma: 12453.440894006932
  CPU_avx: 14893.276733417599
  CPU_avx512: 17237.229625226821
  m_CPU_enc_SHA: 3057776294.9017429
  m_CPU_enc_AES: 22557630728.836109
  m_CPU_enc_ECDSA: 2745946321.4953361
  ME_ALLOC_S: 0
  ME_READ_S: 0
  ME_READ_L: 0
  ME_WRITE: 0
  ME_LARGE: 0
  ME_LATENCY: 0
  ME_THREADED: 0
  SUMM_CPU: 18489.268335222008
  SUMM_ME: 0
SystemInformation:
  OSName: Ubuntu 20.04.3 LTS
  Kernel: 5.14.0
  Device: ""
  Processor: Intel(R) Xeon(R) Gold 5120 CPU @ 2.20GHz
  NumSockets: 1
  Manufacturer: GenuineIntel
  NumCores: 14
  NumLogicals: 28
  CPUFrequency: 2200
  Memory: 191916
  MemModuleInfo:
    iNumMemSticks: 0
Checksum: 3DBD5195FADE7183F5AD4024DE9AD0BE8BA58406