BaselineInfo:
  WebDBID: -1
  TimeStamp: 20220905124214
Version:
  Major: 10
  Minor: 1
  Build: 1005
  SpecialBuildName: ""
  ptArchitecture: x86_64_linux
Results:
  Results Complete: true
  NumTestProcesses: 28
  CPU_INTEGER_MATH: 66373.256600000022
  CPU_FLOATINGPOINT_MATH: 41270.693404484744
  CPU_PRIME: 100222961.76628312
  CPU_SORTING: 32978831.358575638
  CPU_ENCRYPTION: 9713808824.627552
  CPU_COMPRESSION: 298670568.8873775
  CPU_SINGLETHREAD: 1480.635462050262
  CPU_PHYSICS: 1805.4019296993333
  CPU_MATRIX_MULT_SSE: 13178.534479655709
  CPU_mm: 2080.7212815050038
  CPU_sse: 7624.4406879739527
  CPU_fma: 12498.623533914215
  CPU_avx: 14906.049293846407
  CPU_avx512: 17685.024402888259
  m_CPU_enc_SHA: 3052137409.7286458
  m_CPU_enc_AES: 23336962644.914711
  m_CPU_enc_ECDSA: 2752326419.2392988
  ME_ALLOC_S: 0
  ME_READ_S: 0
  ME_READ_L: 0
  ME_WRITE: 0
  ME_LARGE: 0
  ME_LATENCY: 0
  ME_THREADED: 0
  SUMM_CPU: 18766.801016785514
  SUMM_ME: 0
SystemInformation:
  OSName: Ubuntu 20.04.3 LTS
  Kernel: 5.14.0
  Device: ""
  Processor: Intel(R) Xeon(R) Gold 5120 CPU @ 2.20GHz
  NumSockets: 1
  Manufacturer: GenuineIntel
  NumCores: 14
  NumLogicals: 28
  CPUFrequency: 2200
  Memory: 191916
  MemModuleInfo:
    iNumMemSticks: 0
Checksum: EF33873D26934A04473A2BA4D79F86CBBFA771C7