BaselineInfo:
  WebDBID: -1
  TimeStamp: 20220905095402
Version:
  Major: 10
  Minor: 1
  Build: 1005
  SpecialBuildName: ""
  ptArchitecture: x86_64_linux
Results:
  Results Complete: true
  NumTestProcesses: 8
  CPU_INTEGER_MATH: 25103.391899999999
  CPU_FLOATINGPOINT_MATH: 21020.950111474151
  CPU_PRIME: 74562855.569923699
  CPU_SORTING: 13115959.490257494
  CPU_ENCRYPTION: 3384527495.7665825
  CPU_COMPRESSION: 117402904.84288424
  CPU_SINGLETHREAD: 1478.1039742489904
  CPU_PHYSICS: 1031.0779921125563
  CPU_MATRIX_MULT_SSE: 6856.3935027541247
  CPU_mm: 1159.2499576956941
  CPU_sse: 4271.3044620730743
  CPU_fma: 6787.109247193318
  CPU_avx: 8157.6199666320672
  CPU_avx512: 8209.5403351180357
  m_CPU_enc_SHA: 1769001629.1995788
  m_CPU_enc_AES: 6835880913.1750374
  m_CPU_enc_ECDSA: 1548699944.9251318
  ME_ALLOC_S: 0
  ME_READ_S: 0
  ME_READ_L: 0
  ME_WRITE: 0
  ME_LARGE: 0
  ME_LATENCY: 0
  ME_THREADED: 0
  SUMM_CPU: 8894.0003976139233
  SUMM_ME: 0
SystemInformation:
  OSName: Ubuntu 20.04.3 LTS
  Kernel: 5.14.0
  Device: ""
  Processor: Intel(R) Xeon(R) Gold 5120 CPU @ 2.20GHz
  NumSockets: 1
  Manufacturer: GenuineIntel
  NumCores: 14
  NumLogicals: 28
  CPUFrequency: 2200
  Memory: 191916
  MemModuleInfo:
    iNumMemSticks: 0
Checksum: 2A61910379128C369E020849FC8EECA6A90D081A